0.118450682843104 -0.205107650253922
-0.154037791769952 -0.0938285270240158
0.133432475849986 0.148451940622181
0.0452773114666343 -0.39912229613401
-0.480775134172291 0.266253204317763
0.289813525974751 0.117720356443897
-0.259467931231484 0.483986779814586
-0.151419386733323 -0.248707185033709
0.408740589627996 -0.296239771181718
-0.297669042134658 -0.00773853552527726
-0.120433578267694 -0.192311386810616
-0.341855201171711 -0.373060040408745
-0.12242711847648 -0.107313176384196
0.479570624651387 -0.308764164568856
0.460200214758515 -0.48624767572619
-0.312364893034101 -0.210941714700311
-0.187095621367916 0.223689239937812
-0.221274195704609 0.251420350279659
-0.166792921954766 -0.49932460160926
-0.192970786243677 0.298201600555331
-0.139824014855549 -0.318540767533705
0.27508866856806 0.415844110772014
-0.00900020753033459 0.437077784910798
0.307411656947806 -0.293552028713748
-0.111658741254359 -0.177584855584428
0.215634337626398 -0.265039079589769
-0.386805078946054 -0.271655489923432
0.41610911116004 -0.0897317077033222
0.0467126243747771 -0.10494894371368
-0.229056368116289 0.289614347042516
-0.0116032790392637 -0.207267537945881
0.437159187393263 0.430480025010183
0.359157807892188 0.158060780726373
0.0684521223884076 -0.0807536726351827
0.390868321526796 -0.358814435778186
-0.304737861733884 0.465974210761487
-0.382242392981425 0.352647901745513
-0.343945441534743 -0.317482308717445
0.238697393797338 0.312036363175139
-0.167296746512875 -0.024781848769635
-0.284339213743806 -0.328841308364645
-0.119679675903171 0.417368007358164
0.0507811740972102 -0.479314323980361
0.323965756455436 -0.0964656556025147
0.277031698031351 0.217133226804435
0.307628735667095 -0.363922956166789
0.379011591896415 0.340079971123487
-0.094855789327994 -0.466539826709777
-0.494793426245451 -0.131042521214113
0.00230223895050585 -0.0441269408911467
0.153290887596086 -0.226385615766048
-0.331444796407595 0.499199073761702
-0.243558124173433 0.444745879154652
0.160999094136059 0.226247431244701
0.0752458358183503 0.338930801255628
-0.467306506587192 -0.120215219678357
-0.107679321663454 0.386323433835059
-0.438317455584183 -0.401901142206043
0.328261030605063 -0.00242233322933316
-0.402585891308263 -0.231974776368588
0.464134443784133 0.251834591850638
-0.222095306031406 -0.375158044975251
-0.243580357171595 -0.317917809821665
-0.317670688964427 0.488375506130978
-0.107701431028545 0.334984894376248
-0.208244235487655 0.380810896400362
-0.217353328596801 -0.369276838377118
0.454214668367058 0.302657597931102
-0.376078472938389 0.359016444766894
0.108206553617492 -0.276751063531265
-0.100170560879633 -0.18792771268636
-0.373038229066879 -0.493795518530533
-0.109702266519889 0.266359048662707
-0.108274041675031 0.185743117704988
-0.453047964256257 0.238956556189805
0.202437936328351 -0.00486076390370727
-0.0810169004835188 -0.437485838541761
-0.432614755118266 -0.000422520097345114
0.352223172783852 0.206286404980347
0.422241173218936 0.317991490941495
-0.327441597590223 -0.0729695986956358
-0.0172254072967917 0.38998592691496
-0.0875277651939541 0.0814603508915752
-0.295683803735301 -0.370116134639829
-0.494281167630106 0.485713127534837
-0.315459955250844 -0.142222638009116
-0.367304679006338 0.112088492838666
-0.362334646517411 -0.386330828536302
0.0757145783863962 -0.443681629840285
-0.346239660866559 0.176649006549269
0.418916616821662 0.43508945312351
-0.339285583933815 -0.163526378804818
-0.149646427016705 0.0263710196595639
0.0822724613826722 0.172719580587
-0.139586442615837 0.19752499111928
-0.455293366219848 0.426393427420408
-0.0485092017333955 0.077338699484244
-0.083189694210887 0.0395281428936869
-0.139495085692033 -0.448342100251466
-0.176211821846664 -0.159436894347891
-0.161366132320836 -0.0267297278624028
0.228491228772327 -0.384902283549309
-0.438762695761397 -0.131190440617502
0.203399192774668 0.12721584062092
0.484458202961832 0.472162205027416
-0.000381315825507045 -0.360676107462496
0.225637964438647 0.00778217613697052
0.0405485620722175 -0.120891058584675
0.163044911110774 -0.11465275962837
-0.265724774682894 0.457923119654879
0.278606668114662 -0.291642340132967
0.272288891021162 -0.388150094542652
0.298302853712812 -0.0623190586920828
-0.020065190969035 -0.309134133625776
-0.289731384022161 0.344270891975611
-0.240843549836427 0.343359085731208
-0.442384138470516 -0.3778389794752
-0.184970388654619 -0.308462366694584
-0.192661062115803 0.184524487936869
-0.0910237266216427 -0.494385877391323
0.054152992554009 -0.136684225639328
0.234673397149891 -0.139512188965455
-0.448529454879463 -0.161983655067161
0.174081355333328 -0.399232421303168
-0.139367876574397 -0.120010486803949
0.486993819475174 -0.13764441316016
-0.444966517388821 -0.463052391307428
0.307196171721444 -0.335217928048223
0.0760682427790016 -0.407455062726513
0.0862923874519765 0.346441429341212
0.037933588726446 0.069978415267542
-0.331229749368504 0.234489463968202
0.227452788269147 -0.130028067156672
0.392467017984018 -0.391769734676927
0.295385158155113 -0.00992791983298957
-0.329683925956488 -0.215470873052254
-0.376159107778221 0.282296046148986
0.337162451352924 0.472664562053978
0.47427109000273 0.301934329327196
-0.323356949258596 -0.240325297694653
0.0857233831193298 0.331420025555417
0.410438298946247 -0.14694804395549
-0.442900030408055 -0.493138485588133
0.30558167770505 0.297435062006116
0.187339495867491 -0.279747404623777
-0.417999482480809 0.494945005979389
-0.48328421660699 -0.404902254696935
-0.459359132917598 -0.270510475151241
-0.0430514037143439 0.348204514011741
0.00300423544831574 -0.165238407906145
0.493700601393357 0.417159600416198
0.191926193423569 0.0767384839709848
0.488351750886068 -0.448251297464594
0.387923485133797 0.109913676045835
0.173124613706023 -0.164012767607346
-0.496501355664805 0.349078351631761
-0.0201110015623271 0.0444304896518588
0.232745212968439 0.335191089194268
0.436544253956527 -0.119315814692527
-0.0272196668665856 -0.150992483599111
0.272058199858293 -0.327771985903382
0.401709796395153 0.455155827105045
0.269390898058191 -0.0153537548612803
-0.0214018824044615 -0.441515688085929
0.391319789690897 -0.242185989394784
0.470129409106448 0.266190948430449
-0.308979645371437 0.348570747766644
-0.150887897703797 -0.461721514351666
0.206131652230397 -0.38972238288261
-0.364898687461391 -0.0282450951635838
-0.169200813164935 -0.398627052549273
-0.130518125835806 0.0856616368982941
0.126780343009159 0.461057673906907
-0.42766701313667 -0.0336822094395757
-0.449504101648927 -0.490880092605948
-0.111000072211027 0.229506242787465
-0.0565612381324172 -0.352880329126492
0.273351504467428 -0.165919096907601
0.297162920236588 -0.0124017032794654
0.41233047703281 -0.299682680517435
0.450998375425115 0.440174418035895
0.404392194002867 0.260163128608838
0.403299674391747 -0.169823602540419
0.00515864160843194 0.493537224829197
0.159079003846273 0.447648645378649
-0.255463083274662 0.172639625146985
0.0905745027121156 0.0771486042067409
-0.416497667320073 -0.392909514019266
-0.0177066940814257 -0.0773865063674748
-0.165891575627029 -0.169033965095878
0.30294311279431 -0.111742230597883
-0.384383969707415 0.076870780903846
0.363762052496895 0.0972684563603252
-0.496549805393443 0.0761426782701164
-0.421296617947519 -0.0277479824144393
0.159281439846382 -0.466154015855864
-0.0882135657593608 0.322822754038498
0.383686603279784 -0.340203117812052
-0.322952901013196 0.105201425729319
-0.0622298854868859 -0.409874593140557
-0.0183625151403248 0.374435049947351
0.00237738061696291 -0.257682136027142
0.481395481387153 -0.31014206004329
-0.0314296723809093 -0.301889267750084
0.446614477783442 0.412064462667331
0.235717551317066 0.38420021859929
-0.347247876692563 0.0150698020588607
0.252022808417678 -0.215761418221518
0.388053986243904 -0.413740151794627
-0.26747884741053 0.353038141736761
0.116088092559949 0.0984265976585448
-0.447042858460918 -0.417091535869986
-0.055981284705922 0.457689183065668
0.155201689107344 -0.210591557435691
-0.290662296814844 -0.0604466416407377
0.187353343237191 -0.321653490420431
0.0378904060926288 0.200985841220245
-0.155147922923788 -0.0359909725375473
-0.0995089444331825 -0.097650729585439
-0.244269093032926 0.133509983075783
-0.0377802338916808 0.462088368600234
0.0433768816292286 -0.162383510731161
-0.27939686877653 -0.499586053658277
-0.132990945130587 0.139529860112816
0.0192737530451268 -0.395122905261815
-0.466324480017647 0.313049257034436
-0.173815077869222 -0.233301277039573
-0.389181519392878 0.0411009178496897
0.285442105028778 -0.298791272798553
-0.355096190935001 -0.213376915315166
0.12397824972868 -0.180724889272824
-0.0815747822634876 0.468068200396374
0.403035909170285 -0.361318974057212
0.124332358362153 -0.0680305045098066
0.367299238452688 0.376332627143711
0.136200437089428 -0.412613688036799
0.321827703155577 -0.274211088661104
0.180600499035791 0.00227626762352884
0.0898571996949613 -0.0642953955102712
0.301244375994429 -0.402886117808521
-0.363070076797158 0.0913758557289839
0.207088822033256 -0.351764790248126
-0.389675620477647 0.0303665865212679
-0.0112709049135447 -0.269580352585763
0.322246828582138 0.403913171030581
0.1213605387602 0.367147284327075
0.101563618052751 -0.0613629212602973
-0.485891085118055 0.231389851076528
0.350674339337274 -0.408243677113205
-0.168564929394051 -0.378307749284431
0.298807912506163 0.11436412949115
-0.489335958380252 0.102585987420753
0.436322964262217 -0.469344601267949
0.337505135452375 -0.106461702147499
-0.421672606375068 0.449266553157941
-0.391832124441862 -0.173003631643951
0.386381949298084 0.181767112808302
-0.484480565646663 -0.232068928191438
-0.289547678083181 -0.151472246041521
0.252578855957836 0.216966366628185
0.18426649691537 -0.258681555045769
0.424636187963188 0.303619760088623
0.489464806392789 0.326258830493316
-0.110753449611366 0.450445463415235
0.132944626733661 -0.255899681942537
0.195735049434006 0.449337701778859
-0.13242863304913 0.173045194707811
-0.425587872741744 -0.477763977833092
0.441667362814769 0.171490879962221
-0.323720184387639 0.364582830341533
-0.20836224546656 0.13341082399711
0.0522249403875321 0.271287193754688
0.035278454888612 0.491622599307448
-0.0401674346067011 0.129263543058187
-0.169900490669534 -0.369894485687837
-0.456223105546087 0.392577029298991
-0.0689336794894189 -0.40366439986974
-0.473588093416765 -0.220638525905088
0.143913965439424 0.00313034746795893
0.00510630453936756 -0.423189682187513
-0.45812364644371 -0.19716778723523
0.0987914116121829 -0.232841020915657
-0.0444073779508471 -0.495341077214107
-0.163493547821417 0.460924917599186
0.0793969756923616 0.0291886487975717
0.469565896084532 0.468856002669781
0.404487009160221 -0.263060221448541
-0.331547432346269 0.134262029780075
-0.0417073518037796 0.12398295220919
0.299758265027776 0.390682924538851
-0.243562944000587 -0.337552052456886
-0.339005155023187 0.0703549513127655
0.358292085118592 0.0499827850144356
0.475710824830458 0.283571434207261
-0.463400730164722 -0.139896763721481
-0.185277757700533 -0.0808667070232332
0.38718995382078 0.0887514858040959
-0.254118276527151 -0.301291836192831
-0.499844294972718 -0.467574685579166
0.495813780231401 -0.348171511664987
-0.0633053451310843 0.15258180978708
0.0557099152356386 0.113286518724635
-0.388767220778391 0.29698303155601
0.394249410834163 0.0689465603791177
-0.411214728839695 -0.456580808386207
-0.10037907352671 -0.0278192677069455
0.116475561633706 -0.340092751663178
-0.118021339410916 0.360383815597743
-0.121325440006331 -0.351627441123128
-0.0392621881328523 -0.238696149783209
-0.160918950336054 -0.294088058406487
0.324678979115561 0.224506881320849
-0.379874518373981 -0.186614210950211
-0.479653897695243 -0.28297186200507
-0.407345267944038 -0.364192380104214
0.307916324120015 0.372566573088989
-0.390848322538659 0.142975401831791
-0.298280767397955 0.227770688245073
-0.343832294456661 0.299422363284975
0.420877931173891 -0.314400178613141
0.436383824562654 0.306246744934469
-0.0318515042308718 0.275786238955334
-0.42715810239315 -0.111045420402661
0.172199996188283 0.424908655229956
0.391770202899352 -0.120545935351402
-0.387375404126942 -0.230860046343878
-0.232935893815011 -0.368766022613272
0.065789227373898 0.0276864510960877
0.262903658905998 0.323401147499681
-0.320287296781316 0.185212701559067
-0.332175710005686 0.407275781966746
0.000283784931525588 -0.308162652421743
-0.163809670135379 0.0867088562808931
-0.38809682126157 0.22620010189712
-0.314690789906308 -0.195035682059824
0.22400617855601 0.264465673593804
0.232432430610061 0.247477117925882
0.09959811065346 -0.303860185435042
0.213732879143208 -0.191610885085538
-0.29878359218128 -0.308219407685101
0.450933038024232 0.404992907540873
-0.153310634428635 -0.307439963333309
-0.263068530475721 0.355466663371772
0.253898560535163 0.393012142507359
0.493335025617853 0.427156464196742
-0.447377807460725 -0.178650421788916
0.439578083576635 -0.0817312498111278
0.492340081837028 -0.23491099034436
0.359159796964377 0.25452594528906
-0.273326482623816 -0.300399473402649
-0.228482961654663 -0.310004933504388
0.357624940108508 0.164288074476644
0.226583043113351 -0.306198787409812
-0.221743930131197 -0.344091000733897
0.0648190504871309 0.189684675540775
0.305227257544175 0.0756324753165245
0.304439550731331 -0.235249567776918
0.449828282231465 -0.115364284487441
0.445914345560595 -0.260612957412377
0.400896394159645 -0.387895957799628
0.41621270799078 -0.442505918443203
-0.0178773093502969 0.121341928606853
-0.167464043712243 0.12883665971458
-0.0171123656909913 0.266677140723914
-0.295010708738118 0.11356192198582
0.279302678769454 -0.43900987575762
0.311477366602048 0.356313694966957
-0.412246899446473 0.474606343079358
0.198144404217601 -0.212109307292849
0.189504292793572 0.480789837427437
0.00255883974023163 0.249743786640465
-0.491882078815252 -0.135766770225018
-0.41905285208486 -0.329989604419097
-0.271527566714212 -0.381669646129012
-0.421024388866499 0.271181750344113
-0.438668438931927 0.141395109705627
0.000292741926386952 -0.426403082441539
0.459263917524368 0.0645095435902476
-0.00244157458655536 -0.15140835614875
-0.385148998349905 0.476329948753119
-0.294925891095772 0.44781652931124
-0.47374001191929 0.401885077357292
-0.0173533575143665 -0.0522459975909442
-0.368167529115453 -0.482191106071696
-0.380655582761392 0.11839294526726
0.175006714183837 -0.0192148359492421
-0.235934128751978 0.197634642710909
0.132810094859451 0.208747414406389
-0.382914246059954 0.163528566015884
-0.148104393621907 -0.242147753713652
-0.361164533533156 0.00300778658129275
-0.280322084669024 -0.0411817815620452
0.292931837029755 -0.151272243820131
0.464683288242668 -0.407884347019717
0.440757588017732 0.030903188046068
-0.284299526829273 -0.284100311575457
-0.405060436809435 0.28274944704026
-0.127932956675068 0.436893456149846
-0.232001978671178 0.0827031710650772
-0.0642792321741581 0.482833812246099
-0.188514648936689 0.0881064187269658
0.480371581856161 -0.265827416675165
-0.348165188916028 0.0104336454533041
-0.429086962947622 0.257118557346985
0.219751148717478 0.472075955476612
-0.260335286613554 -0.0478986778762192
-0.0404068697243929 0.204868966247886
0.145764386979863 -0.0415143819991499
-0.31551196007058 0.331695610424504
-0.160109146730974 -0.200447732582688
-0.224237883230671 0.47546109627001
-0.369944012025371 -0.123287588823587
-0.189276490127668 -0.17834979807958
0.175693206023425 -0.0464689861983061
0.31201683008112 -0.447843822417781
-0.00838708900846541 0.266118552302942
-0.483217814238742 0.0110116053838283
-0.149306288454682 0.499481162521988
-0.272197858663276 0.233543079579249
-0.456788947805762 -0.315610731951892
0.246449096826836 0.191793778911233
-0.494861288229004 -0.362421310506761
-0.206986696925014 -0.262558897025883
0.389808868989348 -0.474645673530176
-0.218370547285303 -0.486926435027272
0.228689051698893 -0.415787542471662
0.226005213567987 0.484926765086129
-0.430604026187211 -0.128178636310622
-0.0174820718821138 -0.0613860513549298
-0.0147509383969009 -0.114853562787175
0.481900724116713 0.165705156745389
0.399608990177512 0.218749677296728
0.320628257235512 -0.205559022957459
-0.341115800896659 0.348832612857223
0.288520948030055 0.375533501151949
-0.0634222051594406 -0.0787113953847438
0.444113680627197 0.263216929510236
-0.164109038189054 -0.246714171487838
0.36351663665846 -0.108552708989009
0.405845954548568 -0.368181290570647
0.130036533344537 0.192256433423609
-0.141953659942374 -0.0651682452298701
-0.165965487947688 0.432288015959784
-0.174435272114351 0.0861172706354409
0.23782266350463 -0.141096588224173
-0.0228805867955089 -0.47881541447714
0.221218754770234 -0.44778091670014
0.283446314977482 0.217380300164223
0.0765887862071395 0.182656568707898
-0.320629869122058 0.403395300032571
-0.374445146881044 0.0932954594027251
-0.488990455633029 -0.0872852874454111
0.358480469090864 0.142396852839738
-0.193356763804331 0.0477663886267692
0.0974878459237516 0.311460789758712
-0.237338206497952 0.0410198774188757
-0.183777266182005 -0.244789143558592
-0.120312463026494 0.437980660004541
-0.162749832728878 0.0544788921251893
0.126093132188544 0.136190790683031
-0.322609850438312 0.476039816392586
-0.0171535650733858 0.277031060308218
0.406385719077662 0.229783742222935
0.273002819623798 0.189103561453521
0.453212736174464 0.0627500212285668
-0.177501735975966 0.149508781032637
-0.163048820802942 -0.482584226410836
0.447445111582056 0.254359954502434
0.12015192839317 -0.0242926068603992
-0.433981179026887 -0.374429666437209
0.455873971339315 0.330122496001422
0.0115764287766069 -0.277604867937043
0.0911956187337637 -0.134002979146317
0.168469625525177 0.208435155916959
0.399965566117316 -0.0341021912172437
0.0439107660204172 -0.163187647238374
0.213940907502547 -0.293597901472822
0.312439108965918 -0.404467843240127
-0.0993789467029274 -0.0792062433902174
-0.228613672312349 -0.196310109691694
-0.484998346772045 -0.284455514280125
-0.44321849453263 0.338843176607043
-0.0747175661381334 0.420647216029465
0.156497789779678 0.304900559829548
-0.393125945236534 -0.0966541783418506
-0.0524176268372685 -0.199038209859282
0.337725266814232 0.215183674125001
0.30628164159134 0.234077081549913
-0.487754868343472 0.217113854363561
-0.0526342552620918 0.150678507983685
0.498784243129194 0.250256424071267
-0.166209402494133 -0.175226178951561
-0.354300255188718 -0.45827553072013
-0.39061980182305 0.21535419090651
-0.354815083788708 -0.467087463475764
-0.298577449051663 0.293207234004512
-0.177203852217644 0.407854038290679
0.054490749258548 0.269949077861384
0.0258219675160944 -0.366111208917573
-0.374789027497172 0.35894139809534
0.17332278098911 -0.358326835557818
0.40609446587041 0.0733794707339257
0.321830007247627 0.38643003674224
0.249847585335374 0.100723171839491
-0.201893726596609 0.300351491430774
0.407269630813971 -0.21647901670076
-0.00518758944235742 0.174660009332001
0.0676541836000979 -0.0625700559467077
0.0337795906234533 -0.321352444821969
-0.269178106915206 0.41225565620698
-0.360266194213182 0.251200572121888
0.0556101044639945 0.4400002094917
0.104238967644051 0.334692940348759
-0.121843795757741 0.429267759667709
-0.15001462190412 0.446791705908254
-0.0596248719375581 -0.140264360001311
-0.254168638493866 -0.385531813837588
0.256041700718924 -0.177607886027545
0.262602929025888 -0.473238638136536
-0.240237162914127 0.33284975355491
0.441783127840608 0.127170500811189
0.335949113592505 -0.0798407520633191
0.147830169647932 -0.0250691371038556
0.16952515183948 0.484510776121169
0.166163966059685 0.334028381388634
-0.0762050915509462 0.280991923529655
0.0830751112662256 -0.0205254689790308
0.148420443525538 0.406165753724054
0.315411936258897 -0.294991668546572
0.0522147547453642 0.270316421054304
-0.13769827526994 -0.301876186858863
-0.0713431295007467 -0.13173074577935
-0.315272430889308 -0.271237762877718
0.00653875176794827 0.202364254742861
0.0626510372385383 -0.389898765599355
0.196290038526058 -0.0100087102036923
-0.216669850051403 0.35773342102766
0.217717935098335 -0.460189403500408
-0.31029967404902 -0.129953526658937
0.470506685087457 0.121786301489919
-0.0111155211925507 0.246316055068746
-0.47203468484804 0.344023481011391
-0.270340429386124 0.259704070165753
-0.0749554766807705 -0.224970336304978
-0.300669434480369 0.439087958075106
0.41973902983591 0.355704327346757
0.125666480045766 -0.162179300561547
-0.110665293643251 0.446492165327072
-0.222089050104842 -0.248715958790854
-0.320836278609931 -0.322755860863253
0.0402478305622935 0.372376447077841
-0.251886050216854 -0.282623603241518
-0.440575764281675 -0.474710891256109
0.439214753685519 0.114698896417394
0.435074261622503 -0.245071416487917
-0.478814122034237 -0.355332127772272
0.208609499270096 0.499059918802232
0.186246130149812 -0.325438678497449
-0.0718073016032577 0.418462507193908
-0.468106526182964 0.209632994607091
0.265643798047677 -0.183355902787298
-0.000989473657682538 -0.0953660507220775
0.25849357037805 -0.0876978852320462
0.14396556513384 0.193922691512853
-0.140493872342631 0.242804746376351
-0.454878907417879 -0.368358791340142
0.362504777731374 0.140850578900427
0.473230137955397 0.213887989753857
0.308343161828816 -0.301376205636188
0.406761988764629 -0.286840531043708
0.201195531291887 -0.355802210979164
0.490827091503888 -0.1377977586817
0.186947756214067 -0.0366083905100822
0.449965710518882 -0.168925684411079
0.0169015217106789 0.0652049488853663
-0.0304757237900048 0.466966690961272
-0.407699544448406 -0.0161169196944684
-0.0758477090857923 0.424412633292377
0.499437350314111 -0.276861472520977
-0.150108397006989 0.184471960878
-0.488122484181076 0.419376360718161
-0.417199510149658 0.204956201137975
-0.138529131421819 0.338974834885448
0.392718928167596 0.414575511822477
0.305398392258212 0.473208811832592
-0.131110792513937 -0.227976004593074
0.284370093606412 0.475701195420697
-0.078603598754853 -0.480229381471872
-0.155647492501885 -0.166861519915983
-0.324858151143417 0.0431065463926643
-0.330191473010927 0.0354892581235617
0.45398827502504 -0.0421429676935077
-0.348200164269656 0.449191936524585
0.117150405189022 0.0231553066987544
0.262146641733125 -0.376573570538312
0.0429807058535516 0.340586993610486
-0.426921852864325 -0.105105793569237
-0.124901397619396 0.0856173725333065
0.326560004148632 0.26885023759678
0.345478693954647 -0.114236514316872
0.0214557235594839 -0.0127183087170124
-0.309199067298323 0.237726564751938
0.444928139448166 0.35159826441668
-0.310680007562041 0.302258734591305
0.337869375012815 0.100645871367306
0.319705929607153 -0.496289502829313
-0.133257032372057 -0.375976627925411
-0.0570653849281371 0.400838739937171
-0.376623902004212 -0.138293717522174
-0.261721229879186 -0.161617873003706
0.0525404249783605 0.435768923722208
0.0249566687270999 0.400045156478882
-0.181905622594059 -0.116819417569786
-0.303531385259703 0.0189057991374284
0.197312894742936 0.35052701854147
-0.137438230914995 -0.335457981564105
-0.26593822054565 -0.3770889735315
0.495241529075429 -0.0611777354497463
0.0532799926586449 0.385995467891917
-0.318619759287685 0.0598430545069277
0.13600926566869 -0.459301692433655
0.34466419974342 -0.465266158804297
0.476441631792113 0.34947115345858
0.274780843639746 0.200338794384152
-0.0148838649038225 -0.286009439034387
0.167381724342704 0.161729545798153
0.200705032562837 0.211712446762249
-0.0747445921879262 0.368750549620017
0.304107685573399 0.184658722486347
0.354007347719744 0.320897061144933
0.309002170572057 0.25663004303351
0.0706731306854635 0.140412205364555
0.445929607376456 -0.0360286305658519
0.386170010780916 -0.445959585020319
-0.0158619405701756 0.108928564935923
-0.133157208794728 -0.466579321073368
0.079757286934182 -0.0545965395867825
0.306821335107088 -0.237792488886043
-0.489795504603535 0.018179764971137
-0.160457637626678 0.225520352134481
0.0148203657008708 -0.236090307123959
-0.030061480589211 -0.21541501628235
-0.107726860791445 -0.34262692113407
0.393987631192431 -0.146666950313374
-0.145424415823072 0.105293460655957
0.0757609179709107 0.195511536672711
-0.158306060358882 0.424396662041545
-0.204666485311463 0.309551235754043
-0.498211859259754 0.473202295834199
0.0883150587324053 0.0809300485998392
-0.0596859965007752 0.158501144498587
0.0984334016684443 0.225547604495659
-0.405651437817141 -0.0795309315435588
0.27701585018076 -0.0813576825894415
0.214378508739173 0.489134025294334
-0.0129166422411799 -0.299227366456762
0.45401638164185 -0.0656750244088471
-0.0314875689800829 -0.0117883668281138
-0.300445515429601 -0.169527063146234
-0.399373406544328 -0.343890208750963
0.222443083766848 -0.208813404198736
-0.415172777371481 -0.454817130928859
-0.134580782614648 -0.459777952404693
0.373188468394801 -0.0683996772859246
-0.0491393853444606 -0.334980652434751
-0.328552299411967 -0.413093630922958
0.284782697912306 0.364705726504326
0.00827719690278172 -0.26433373382315
-0.282689151354134 0.0938980095088482
-0.434839983005077 0.2149668619968
-0.136868663132191 0.335962167475373
-0.336092428304255 0.391659907530993
-0.192042123991996 -0.249648052733392
0.331186801660806 0.166928812628612
-0.474939965177327 -0.259253449738026
0.114022244699299 -0.360661327140406
-0.367848437977955 0.00286111910827458
0.0315340950619429 -0.467133089667186
-0.172859311569482 0.22668813355267
0.456471808487549 0.336954132420942
-0.164580163080245 0.228908066404983
0.0151359266601503 -0.168494287645444
0.350454350234941 0.221706901211292
-0.249148482922465 0.367707033641636
-0.192439787322655 -0.323426118586212
-0.478377060499042 0.294886217219755
-0.0395267838612199 -0.154017132241279
0.13087922683917 0.0952196985017508
-0.0995058112312108 -0.123859382700175
0.0918294910807163 0.385797101072967
-0.157473081490025 -0.251593625405803
0.185236185789108 -0.460025135660544
0.253319499548525 -0.174329955363646
-0.411260668421164 -0.333679070463404
0.235214276239276 0.212105331476778
0.212594491429627 0.369338542455807
-0.275183866731822 -0.126048773992807
-0.379380585160106 0.498916681623086
0.383545593125746 -0.492793155135587
0.213855608133599 -0.482650212710723
0.163814570754766 0.137908337172121
0.0453444812446833 0.424234124599025
-0.385534625500441 -0.0321017079986632
0.1026658390183 0.249463383574039
0.12090749037452 0.316118859918788
-0.302512488560751 -0.149296387797222
-0.206265292596072 0.0389258128125221
-0.0622295348439366 0.2672066509258
-0.113626781385392 0.444762560306117
0.462774120038375 -0.485685881692916
-0.302174920914695 -0.203110994072631
-0.180731837404892 0.21090454608202
-0.435959248337895 0.269670984940603
0.387315942673013 0.332707898458466
0.13397145899944 -0.239266599528491
-0.0229396638460457 0.480826160870492
0.318591517629102 -0.271525426302105
-0.368133178679273 0.458099360112101
-0.366493766894564 -0.085574061376974
-0.0618404655251652 0.38961109961383
0.184712750371546 -0.174241944216192
0.136438988847658 0.204277665354311
0.199178215349093 0.0521302551496774
0.285466120811179 -0.353265278739855
-0.166519154096022 0.135376816149801
0.123000653926283 0.053413528483361
0.213861746480688 -0.490848989924416
0.405053659109399 -0.420518622966483
0.146561248227954 -0.456753852777183
-0.400820994051173 0.112540715606883
-0.319213242270052 -0.149573813658208
0.00971323112025857 -0.181753122713417
-0.373043024679646 -0.318239320302382
-0.103391665499657 0.27908632834442
0.341176130110398 0.298386773327366
0.275173916947097 -0.0336550958454609
-0.272644301410764 0.105188271962106
0.207512843422592 -0.216510564554483
0.14269833615981 0.0658849428873509
0.447574875550345 -0.433021269505844
0.135762985330075 0.0264095708262175
-0.0861317308153957 0.0747743886895478
-0.392539779189974 -0.0376874145586044
0.152178992517292 0.0892205645795912
-0.00228324858471751 0.4246679272037
0.433471873169765 -0.206481748260558
-0.426984752994031 0.189409772399813
0.422658919123933 -0.416010033572093
0.119254569523036 -0.0956739415414631
0.0327152637764812 0.00740607595071197
-0.468984936363995 0.487173850880936
0.486369166290388 -0.0655204120557755
0.291107656201348 0.181795322569087
-0.424342980841175 0.498671054840088
0.0609811304602772 -0.353331539779902
0.18634080234915 0.418162377784029
-0.0451722564175725 -0.138640082674101
-0.0821565596852452 0.228659896878526
-0.251586492406204 -0.348058213014156
0.31014469708316 -0.0469791158102453
-0.269887613831088 0.380419247085229
-0.0276756633538753 0.362253505270928
-0.2796681355685 0.284274152945727
0.139637291664258 0.0217487586196512
-0.364119197474793 0.00257929763756692
-0.182414055103436 -0.0920276881661266
0.394999680109322 0.166267920285463
0.306576265022159 0.482318870257586
-0.0854483067523688 0.275854237144813
0.0984837955329567 -0.133461813442409
0.112120095640421 -0.451199657749385
-0.343323200242594 0.452517280587927
-0.273079856298864 0.453571282792836
-0.451078304788098 -0.105618969071656
-0.347000680863857 0.0956610883586109
-0.0022922707721591 0.340250537497923
0.280897191958502 0.0480734114535153
0.101963525172323 0.350234003271908
0.187734343577176 0.140526116359979
0.154234442161396 0.0729857063852251
0.382398562273011 0.426487530348822
-0.445789539720863 0.19431360787712
0.242505407193676 0.129904071334749
0.41127635538578 -0.324442623881623
-0.0772623154334724 0.438712807605043
0.30203642998822 -0.44663860462606
0.494753507198766 -0.0117962239310145
-0.0367363481782377 0.289943712530658
0.337466093711555 -0.038033137563616
-0.0240242355503142 -0.21645399206318
-0.16252473089844 -0.388023426989093
-0.086032809689641 0.0438539879396558
-0.321416080463678 0.329452361445874
0.1847340289969 0.0513820967171341
-0.33570312242955 0.316136962268502
-0.413521067937836 -0.0777347884140909
-0.0887339322362095 0.168893804075196
-0.24405864183791 -0.224974467651919
0.312360712559894 0.159002974862233
-0.43106253654696 0.0519310869276524
0.336423635715619 -0.0913333098869771
-0.203833797713742 0.164702163543552
0.27706927084364 0.13868554495275
-0.0211793591734022 0.191561978310347
0.00381580949760973 -0.200807319488376
0.303577606100589 -0.486601390643045
-0.496078858850524 0.200361425057054
-0.355666808551177 -0.308602826204151
-0.050677583552897 -0.230950060999021
-0.497380985645577 0.237272251164541
-0.353491501882672 0.481073654722422
-0.141822235891595 -0.209563179640099
-0.03554532607086 -0.0640725009143353
-0.479721071431413 0.127733541186899
-0.433962403098121 0.476548202335835
0.475207071518525 -0.258077235193923
-0.339705236721784 -0.487258837092668
0.185352996457368 -0.371013736817986
-0.0930571553763002 -0.0922137692105025
-0.389807759318501 -0.392945865401998
-0.228128449292853 -0.497337222332135
0.371147084515542 -0.387355291284621
0.47115365229547 -0.166860310826451
-0.126744509441778 0.0205158188473433
-0.220612175995484 -0.395898020127788
-0.463343255454674 -0.185384133132175
0.305138665251434 0.394788501551375
0.167115638265386 -0.337414972251281
0.277709300629795 -0.359755149343982
0.401940050534904 0.454662564210594
0.0102312134113163 0.0790687408298254
-0.324388952227309 0.0864837449043989
-0.10197204304859 -0.0339213067200035
0.310669559985399 0.478183647617698
0.303216920001432 -0.490233276737854
0.137645488139242 -0.0379195916466415
-0.224316393956542 -0.417647951282561
-0.445086267776787 0.152827812591568
0.385869678109884 0.351847475161776
0.334999576909468 -0.284151319181547
0.226709685754031 0.258566398872063
-0.0812055445276201 -0.416482472559437
-0.456271762261167 0.18249524757266
-0.24951305356808 -0.361507700756192
0.0492259124293923 0.117694038897753
0.3339913347736 0.304548485903069
-0.167961534578353 0.0723998895846307
-0.388430512975901 -0.0105904021766037
-0.0839550953824073 0.31384103000164
-0.495675306534395 -0.125752081396058
0.0507404934614897 -0.199579032603651
-0.0842481276486069 -0.367429107427597
-0.382251127623022 -0.287074558436871
-0.281662923982367 -0.023914989316836
-0.186363223474473 -0.276581982616335
0.297193646896631 -0.076612489996478
-0.354488204000518 0.358436236390844
-0.396346339723095 0.263296318706125
0.307807989185676 -0.450812460621819
-0.384660032344982 0.293597477255389
-0.315675668884069 -0.397299692966044
0.414202153915539 0.464876111829653
0.194340403424576 0.379022555658594
-0.172621816396713 -0.454871721100062
0.124162574065849 -0.380313632311299
-0.14003267372027 -0.225372674176469
-0.374640189344063 0.28227380476892
0.149781778920442 0.338282840093598
0.131871294463053 0.407152152620256
-0.0657341924961656 -0.0956496684812009
-0.256481726188213 -0.0314419786445796
0.0715627162717283 -0.151273328345269
0.407706215512007 0.160731073468924
-0.154169929912314 -0.230334496125579
-0.404303613584489 -0.140052685746923
0.278689322061837 -0.433881285134703
-0.455933172954246 0.235728071769699
0.494185426970944 0.453733128495514
-0.336547980550677 -0.132926964201033
0.340310487896204 -0.173420938896015
0.312655044021085 0.033867887686938
0.109677107073367 -0.293087180238217
0.343334464123473 -0.406682118307799
0.283967914292589 0.497825180878863
0.341919485246763 -0.0589885078370571
0.394510643091053 0.473605762701482
-0.171552366809919 0.347730431007221
-0.0680771658662707 -0.120249457191676
0.224315035156906 0.220403730869293
0.308590629836544 0.223249265691265
0.0404073717072606 0.234655616106465
-0.396376658929512 -0.150580803398043
0.285946163814515 0.484928189311177
0.365473155863583 -0.120267746038735
-0.167571085272357 0.425230902153999
-0.01114382292144 -0.400855268351734
0.302853208268061 -0.442056501517072
0.088012624066323 0.163347238209099
0.39548636157997 -0.00995183852501214
0.317369661526754 -0.0622115321457386
-0.115361328236759 0.471252732910216
0.37056866241619 0.0164473855402321
0.195552288321778 0.28282406181097
-0.0203296362888068 -0.00502539635635912
-0.409794280771166 0.119160714792088
0.226450864458457 -0.14987303968519
-0.157670435495675 -0.445167862577364
0.211515419417992 0.468574422411621
-0.36106269992888 0.450042306445539
-0.276575106428936 0.483946420950815
0.384495611535385 0.228578552370891
0.361455818638206 0.137221574317664
-0.29421267285943 0.278926067985594
-0.0461259381845593 0.271656505065039
-0.203225504141301 -0.366549420403317
0.172336043789983 0.424518078332767
0.357335378183052 0.143734263023362
-0.0485538356006145 0.0237316712737083
0.430696598486975 -0.124812787631527
0.0803317262325436 0.38788478448987
-0.0495004402473569 0.216826385352761
-0.257886205799878 -0.0348187440540642
-0.0537682743743062 0.459429248003289
0.491170027991757 -0.232046683784574
-0.381022650049999 0.297643355792388
-0.474904942093417 0.241460531018674
0.28819182398729 0.247763021150604
-0.326863073278219 -0.380702931433916
0.0489058594685048 -0.327709306264296
0.259889650857076 -0.308473743265495
-0.0871895379386842 0.0359923948999494
-0.309256482170895 0.251562181161717
0.338789251865819 0.466373677598312
-0.477031361777335 0.132164783077314
0.165663090534508 0.334262436488643
0.182833340018988 0.247460359008983
-0.152854358311743 0.181464685127139
-0.23817752674222 -0.0461467776913196
-0.202207952504978 0.266551230801269
0.170566017040983 -0.354386311722919
0.332742190919816 0.28515601111576
0.196999655803666 0.145449933828786
0.17300028167665 0.270119832130149
0.201725936960429 -0.0192918344400823
0.24267776706256 -0.0984348682686687
0.146235409425572 0.371591090457514
-0.210681606316939 0.307241134578362
0.288038665894419 0.407197077060118
0.377500935457647 -0.180075503420085
0.208299623802304 0.0345021768007427
0.0969186357688159 0.255029412219301
-0.161596088437364 -0.480177144287154
-0.0819793348200619 -0.299645121442154
0.173169820802286 -0.153147089295089
-0.190329862060025 -0.267714942572638
-0.485771948937327 -0.152873882558197
0.0200501664076 0.12614539382048
-0.386775423539802 -0.251598548376933
0.0852896864525974 0.335568343754858
-0.471214618068188 -0.0156902328599244
-0.195498242741451 -0.0026862861122936
-0.31691738916561 0.343493148917332
-0.0180549409706146 0.431733003817499
0.303754658671096 0.292872003046796
0.296981006162241 0.368190437555313
0.0799633478745818 -0.493654157500714
0.0326222064904869 0.14179424312897
0.457070839358494 -0.485692068934441
0.375291406176984 -0.300686657661572
-0.333713711937889 0.461345567367971
0.256970593938604 -0.14437643205747
0.393965892260894 0.424660371150821
0.130822216626257 0.185955450637266
-0.418084878474474 0.385128104593605
0.113202249398455 -0.1435661688447
0.353879316709936 0.307653580559418
-0.471760472981259 0.324053443036973
-0.268232461996377 0.223905840422958
-0.495833292836323 0.122171888127923
-0.203709982335567 -0.336257152957842
0.16918441071175 0.349524156888947
-0.381141214631498 -0.147929818136618
-0.474249703111127 0.351883116411045
0.0873078890144825 -0.115439587971196
-0.421402055304497 -0.395225057145581
0.0553701114840806 -0.00276160845533013
0.181407941272482 -0.292639643186703
0.181239148136228 -0.447960526449606
-0.389175185700879 0.179876010632142
0.342587280320004 0.12532130908221
-0.483408364700153 0.0997896434273571
-0.21565774269402 0.413033289602026
0.11562841385603 0.376855763141066
0.39807884558104 -0.310361694544554
0.0981118334457278 -0.174511255230755
-0.100991308921948 -0.481276265578344
0.388561672298238 0.435850512469187
0.154225205304101 -0.0540685977321118
-0.163005959708244 -0.143287738086656
-0.431571643799543 -0.384371927008033
0.240724465576932 -0.235456857364625
-0.194196640281007 0.019072791794315
-0.166094812564552 0.132229474605992
-0.0614095949567854 0.0139531479217112
-0.397336935158819 -0.238671188941225
-0.479917502729222 -0.27455518883653
0.328773410292342 0.00431226892396808
0.417058905120939 -0.29120658384636
0.010103473206982 0.213184161344543
0.0644711616914719 -0.444686716422439
0.0551887876354158 -0.0720375166274607
-0.177180315367877 -0.309894173871726
0.44698582123965 0.137074257479981
-0.333978965878487 0.420262028230354
-0.474207224790007 0.24740274855867
0.177410157863051 0.0714010477531701
-0.215223814360797 -0.395267626270652
0.262866931967437 0.00194998551160097
0.185055554145947 -0.232121107168496
0.107850892934948 -0.0906555645633489
-0.455577566288412 0.313745831837878
0.494383223121986 0.145618240814656
0.179699806496501 0.242394866421819
0.0815175452735275 -0.107970617711544
0.272810749011114 -0.364080779952928
-0.150883189868182 0.313733096700162
-0.291607743361965 0.202949689002708
-0.378813851391897 -0.123637611744925
0.464501196751371 -0.122940399218351
-0.0758684896863997 0.0326786530204117
0.103041189257056 0.149289118824527
-0.145470553776249 -0.0162284937687218
0.32370792538859 0.26712680188939
-0.437443447764963 -0.32686928822659
-0.418521109735593 0.281627951888368
-0.499769957968965 0.268118103733286
0.486067534424365 0.406226080143824
-0.455238321563229 0.315542220603675
0.202737310435623 0.371116243302822
-0.400711036287248 0.16384961316362
0.195410061860457 -0.289623487042263
-0.310208362527192 0.157525936607271
0.363045442616567 0.286788684781641
-0.115727442316711 0.201735522598028
-0.462045387830585 -0.0881542935967445
-0.346032407833263 0.198613406158984
-0.393637899309397 -0.367891789181158
-0.0547162618022412 -0.364821593509987
-0.000554895494133234 -0.199042359367013
-0.118329581571743 -0.0650689566973597
-0.032851823605597 -0.292963770218194
0.015117077389732 -0.0707717526238412
-0.217228356515989 -0.456450799945742
-0.0483631934039295 0.316136933630332
0.424746129894629 0.346809595823288
0.29476868850179 0.0840413393452764
-0.313831088831648 0.457271038088948
0.496168671175838 0.155862480169162
-0.211362184025347 -0.088264096993953
-0.349887802032754 -0.461909306235611
0.383167495019734 0.229703973047435
-0.00936659006401896 0.201445717131719
-0.411905357381329 -0.359350365586579
0.397343757096678 -0.199717277195305
0.237070736009628 0.263039420126006
0.08794936677441 -0.117191744036973
0.00189071311615407 0.421883549308404
-0.226391532691196 -0.142881141742691
-0.0387959487270564 -0.463806563522667
-0.427792580332607 0.227335846750066
-0.0599204821046442 -0.46851435629651
-0.43537035654299 -0.467209083493799
0.3630819064565 0.270843114936724
-0.198558080475777 -0.210716319503263
0.179112608777359 -0.212439406430349
-0.437386377947405 -0.138315523508936
-0.351436592172831 0.0589832577388734
-0.319263141136616 -0.404283947777003
0.0551441067364067 0.48052260489203
-0.148812941275537 -0.346196746453643
-0.0252368680667132 -0.0553633365780115
0.493085152935237 0.377981234109029
-0.248112200992182 0.130837574834004
-0.457783418241888 -0.366246401332319
0.210554496850818 -0.205484577920288
-0.21862749196589 -0.28882740624249
0.351651890901849 -0.373736933339387
-0.198713026707992 -0.431705838534981
0.494947402505204 -0.152255088323727
0.0380519572645426 -0.2621806752868
-0.285897866822779 0.131209655897692
0.216314080171287 0.323643845738843
-0.234579593641683 -0.113409721758217
-0.224514115834609 0.133528287522495
0.114969493588433 0.134042500751093
-0.38260734709911 0.322461772244424
-0.430800846545026 -0.269491389393806
0.0258891319390386 -0.119282291037962
0.496519546490163 -0.101447289576754
-0.410042503848672 0.496389829786494
-0.420726823853329 0.260287468554452
0.344541534781456 0.308338972972706
0.26303378213197 0.00648715370334685
-0.0529005737043917 -0.0427120600361377
0.205464182887226 0.38031242066063
-0.340047870529816 0.370770660927519
-0.146178818074986 0.0113101105671376
-0.294810373336077 -0.350779880769551
0.402765126666054 -0.209236553870142
0.10691413236782 -0.440917662344873
0.301755565917119 0.0254383811261505
-0.040048451628536 0.463515846990049
0.223903425037861 0.48740103514865
0.18073640530929 -0.358723130542785
-0.210595722543076 -0.354559195693582
0.34328757529147 -0.226356405066326
-0.177203585626557 -0.308754826895893
-0.45781100448221 -0.383256177650765
-0.446035425877199 0.487301349872723
0.193705926183611 -0.473473779158667
0.311479996656999 0.258906263159588
-0.168845339445397 0.363842878490686
0.448836688185111 0.118180576479062
-0.20919002010487 0.450666476041079
-0.495783247752115 -0.434950098628178
-0.437292661052197 -0.471935076639056
-0.192312113940716 0.000110995257273316
-0.186771190958098 -0.0357345934025943
-0.283464904408902 0.334480258170515
0.314578242134303 -0.143954607425258
0.331047318410128 -0.417945602908731
-0.107665798394009 -0.372058204142377
-0.325557796750218 0.156543083721772
0.197614472126588 0.0393060289788991
-0.269890799652785 0.249929656507447
0.0981394480913877 -0.398303544614464
0.00386295840144157 0.367994702421129
0.497267677215859 0.449226849013939
-0.163548380602151 0.0514768925495446
-0.349713819799945 -0.288122822530568
0.0758790967520326 0.413654537405819
0.11607920541428 -0.299787811702117
0.274037442402914 -0.410821388242766
-0.293456767452881 -0.0815138167236
-0.321689489996061 -0.380518212215975
0.169107062043622 -0.127025017747656
0.477652825880796 0.0791954048909247
0.408066217787564 -0.32528807152994
0.232889646198601 -0.465361150447279
0.0400811864528805 0.208498682826757
0.266964361071587 -0.380159776192158
0.428009110037237 -0.380798683734611
0.16667338903062 -0.478600574890152
-0.110508316196501 -0.220218741800636
0.0561557020992041 0.424903887091205
0.413105143466964 -0.471810114337131
0.012687329435721 0.0103306809905916
-0.0451089714188129 -0.139393858145922
0.0639237239956856 -0.293147855205461
0.0181665986310691 -0.200601436430588
-0.350918255280703 -0.32616889779456
-0.317621963797137 0.160181992687285
0.195301212137565 -0.261930934851989
-0.153242899104953 0.283431260380894
-0.0527206275146455 -0.00971111399121583
-0.0542187232058495 0.100772053934634
0.132034913403913 0.438608261290938
0.477209003409371 -0.351022344315425
0.303689104039222 -0.282085192855448
0.44657647726126 0.0615300161298364
0.204485544469208 0.177449728129432
0.435682049719617 -0.44696301408112
-0.199445356847718 -0.0121979143004864
-0.371720725670457 -0.0041064852848649
-0.106107658939436 0.310862283688039
-0.360979256918654 -0.483161053387448
0.312808823306113 0.425842356402427
0.167778903385624 0.349588757380843
-0.461470829322934 0.103329298784956
0.0355913352686912 -0.21551616420038
0.162614789325744 0.206897143740207
-0.48916023154743 0.0400031071621925
-0.470565808936954 0.365199732128531
0.156993377255276 0.198900710791349
0.244397934526205 -0.415298423264176
-0.178571958560497 0.317320004338399
-0.363009340595454 0.404083085246384
0.241007948759943 0.19947477360256
-0.275784509954974 -0.104165200376883
-0.211258064256981 0.0824608020484447
0.307417209027335 0.207929043564945
-0.0175748814363033 0.03630381799303
0.367767263203859 -0.3893347827252
0.138652954017743 -0.355674315942451
-0.243554877582937 0.49492048076354
0.106865995563567 0.0325370093341917
0.37650299584493 0.0710003706626594
-0.236242561601102 0.219297690084204
-0.32944622146897 -0.196150486124679
-0.223076205002144 -0.161879180232063
-0.395145467482507 0.350987500976771
0.239241388393566 0.0960607535671443
-0.00265096360817552 -0.312599851749837
-0.0383490133099258 -0.174706623423845
-0.291471958858892 0.1783501887694
0.245926899136975 -0.129847984295338
0.43094903184101 0.376403825590387
-0.0782378963194788 -0.381934746401384
-0.0902338405139744 -0.176021986175328
-0.425089386524633 0.0212361926678568
0.325873825931922 0.252634733449668
-0.328880447661504 -0.44910089042969
0.242109085666016 -0.077069899532944
0.0206520529463887 -0.498937802156433
-0.32908592466265 -0.0634328508749604
-0.0928295825142413 0.341909468173981
-0.393294298788533 -0.364459517877549
-0.166496164165437 0.472389067290351
0.393222421873361 0.440600350964814
-0.0513147839810699 0.490441109752283
-0.24547856580466 -0.32854453381151
-0.0456267688423395 -0.303677697665989
-0.313778189010918 -0.496796424500644
0.481595642631873 -0.173365998081863
0.211020822171122 0.142630305606872
-0.348666130332276 0.00483202794566751
0.233152562985197 0.392685204744339
-0.412636096356437 0.297004203312099
0.0700427850242704 -0.387864354299381
0.0805577053688467 -0.323677031788975
0.0704934063833207 -0.123422827105969
0.253171518445015 -0.0856999610550702
0.205653438344598 0.425028593512252
0.311682543950155 0.414319486124441
-0.160319363465533 -0.268987065413967
-0.00463188788853586 -0.245350843295455
0.336712304269895 0.136579279555008
-0.421633086400107 0.0224370481446385
-0.498264239169657 -0.195335186319426
-0.127010013675317 -0.392964514903724
0.217990459641442 -0.441443994874135
-0.042720403522253 0.0893877928610891
0.0676642053294927 -0.392142579890788
0.291717243846506 -0.136611778056249
-0.441992822568864 0.128930018050596
0.219287752406672 0.469779691658914
-0.127002475783229 -0.0474279834888875
0.0711257939692587 -0.312599494354799
0.457635807571933 -0.0642381622456014
-0.107895742636174 0.378081263508648
0.163706528721377 0.0380267712753266
0.138251373777166 0.330742316087708
0.324477701215073 -0.141958150314167
-0.0427701610606164 -0.127391470130533
0.465013208100572 -0.308778853388503
0.150814688764513 -0.0796433556824923
-0.150781315285712 -0.226937689585611
-0.433179809479043 -0.133616445353255
-0.480262262746692 -0.0756078697741032
-0.367703791707754 0.2887160286773
0.397253460949287 0.408061160473153
0.439542559441179 -0.0141216171905398
0.0624063967261463 0.121738426154479
-0.351024101721123 -0.381482670782134
-0.474066813942045 -0.317754988791421
-0.34342564502731 0.371362521313131
0.445879095932469 0.358612293610349
0.123158392729238 -0.341980390483513
-0.437120815971866 0.278156658168882
-0.0735897826962173 0.293917882023379
-0.0171188313979656 0.0763637507334352
-0.430391405243427 0.35462583322078
0.384110029786825 0.121383120305836
-0.122297578025609 0.273548953700811
-0.321162989828736 -0.481516281841323
-0.22325262776576 -0.486243577906862
-0.284239302854985 0.366556331748143
0.33497189427726 0.0800271136686206
-0.327306984458119 -0.159663874190301
-0.383562196511775 -0.150282210437581
0.28828376554884 0.0157122148666531
-0.222048937343061 -0.0126427120994776
0.0828654954675585 0.292266727890819
0.385518270777538 0.474331129109487
0.258484532358125 0.153278297511861
0.412005795165896 -0.294925461290404
-0.124168131966144 -0.20908771106042
-0.07387073058635 -0.160081325331703
-0.366634002653882 -0.293763883179054
-0.21630295086652 -0.285760227357969
0.183631870429963 -0.366519732167944
-0.203511589206755 -0.0654582884162664
-0.26785895251669 -0.100501329172403
0.311274751089513 0.484277692856267
0.216646458255127 0.387105646077543
-0.383812790038064 -0.262977959122509
-0.360933985095471 -0.189993157749996
0.287397214211524 0.378019602037966
-0.484163042157888 0.334542976459488
0.0571776523720473 -0.250787985045463
0.300125577952713 0.427106466144323
0.23650398501195 -0.258394895819947
0.489048722200096 -0.10184290073812
-0.177926898002625 -0.225334967719391
-0.351392857497558 -0.374469764530659
0.20438033901155 -0.0266801821999252
-0.0933435806073248 0.488189246272668
0.271113289287314 -0.0891150173265487
0.239592514932156 0.462324971100315
0.418212496908382 -0.0354023836553097
0.0774009709712118 0.0440332998987287
0.0912713094148785 0.44918838236481
-0.400695492746308 0.152280925540254
-0.128595320973545 0.0814036184456199
-0.22468621423468 -0.446100072236732
-0.229041507467628 -0.331477415980771
-0.161808354081586 -0.0289221727289259
-0.0823289512190968 -0.205049169715494
-0.446368030272424 -0.283301262883469
0.298728466965258 0.316797308623791
-0.201105412561446 0.456665194826201
0.371581836603582 0.189509710064158
0.0112283143680543 0.24311434966512
-0.296066237380728 -0.304431192809716
0.391290635569021 -0.192460665479302
0.231697899289429 0.326129696331918
0.382805905304849 0.198945054784417
0.256362221436575 0.193660107906908
-0.473195345373824 0.270496735349298
-0.105254250345752 0.447072357404977
0.453943261643872 -0.422070926520973
0.454623738536611 0.137429148657247
-0.0179215143434703 -0.144266742747277
-0.10442146519199 -0.0149391337763518
-0.300547146704048 -0.479532284429297
0.322245348477736 0.307444653706625
0.0790297905914485 0.391397308325395
-0.20104860374704 -0.257406366057694
0.124942185590044 0.0610243224073201
-0.285324190976098 0.153738465160131
0.357990737305954 0.438533142209053
0.452350295381621 -0.0244433230254799
0.472451483365148 0.343599465442821
0.258259487804025 -0.125770532293245
0.0768770463764668 0.418249585665762
-0.304725856287405 0.00936356792226434
-0.378074422013015 0.123440966475755
-0.113142969319597 0.448139750631526
-0.204097440699115 0.282656152965501
-0.0527265190612525 0.392184956232086
0.130017233313993 -0.420474959770218
-0.226763946935534 -0.475714249070734
-0.353787546278909 -0.411531761055812
-0.294650688301772 -0.130600658478215
-0.491688336711377 -0.396615428151563
0.36546516395174 -0.145553454058245
0.0192835419438779 -0.359300323529169
-0.249651251593605 0.404786620289087
0.00240287324413657 -0.291929395636544
-0.213858310366049 0.40293713635765
-0.301495717139915 -0.157424986595288
-0.486801335820928 -0.478137932019308
-0.361518599325791 0.46127041336149
0.431019364856184 0.222935769008473
0.0649704548995942 -0.189646834274754
0.318884524516761 0.168793364195153
-0.162012355634943 0.0568919801153243
0.474515687208623 -0.262450020527467
-0.109840485733002 -0.0781507110223174
-0.225663258461282 0.200441116234288
0.273507561301813 -0.128706648480147
-0.441641499521211 -0.00726852915249765
-0.0786106968298554 0.0326765775680542
0.149393036263064 0.246736532077193
0.11869441322051 -0.0999288607854396
-0.491596379550174 -0.269777592271566
-0.405243322020397 -0.393008780665696
-0.39152862993069 -0.0693713875953108
0.450472875963897 -0.379143071593717
-0.285215749405324 -0.400565301068127
0.299406624399126 -0.0841850331053138
-0.296556788031012 -0.318741760915145
-0.208921163342893 -0.144614377059042
0.203130951384082 0.0808533448725939
0.486617794958875 0.279803151031956
0.233808646211401 0.378444427158684
0.455478879390284 -0.464571561897174
0.495288670761511 0.296019420027733
-0.204431806690991 -0.422859698534012
0.293479947373271 -0.0719108427874744
-0.0208075474947691 0.225188909331337
0.240990566788241 0.269518628949299
0.0556469035800546 -0.390033174771816
0.47708044340834 -0.0397866475395858
0.151347257196903 0.165001730900258
0.408460769802332 -0.0223199387546629
0.352327594533563 0.21608733991161
0.420559862162918 0.404080330394208
-0.410512109054253 -0.470001595793292
-0.463314645690843 -0.261986883589998
0.392422406002879 0.469449333148077
-0.158662818837911 0.0113643570803106
-0.15308620268479 0.223065128317103
-0.304490156006068 -0.234205581014976
0.467993471771479 0.414149544667453
0.458856483222917 0.406778028002009
-0.228702046442777 -0.491410557646304
-0.427362113725394 0.485182013129815
0.0621806802228093 0.164287768537179
0.28005319298245 0.204823300708085
-0.291689251782373 0.343488295329735
-0.0190114008728415 0.419397039571777
0.297274608863518 -0.263324680039659
0.186238748487085 0.444090233417228
0.150797674898058 0.106591777410358
-0.170140983304009 -0.0311294163111597
0.377912936033681 0.00268789799883962
0.11816920619458 -0.315182031830773
0.168328349944204 -0.439991434104741
0.461230050306767 -0.360738772898912
0.0447692156303674 0.22990162926726
-0.205978949787095 -0.433832531562075
-0.0806313599459827 -0.190738375997171
-0.368558577261865 0.422542541986331
0.134497040882707 0.320530867669731
-0.499353965744376 -0.26551805390045
0.356337643694133 0.343567289412022
0.432865852257237 0.241745179053396
-0.282354450086132 0.221940178656951
-0.0768635149579495 0.190097364829853
-0.201664281776175 -0.306602415395901
-0.0996672203764319 0.251830532681197
0.294578903587535 0.472708976594731
-0.482358178356662 -0.417102457256988
-0.334500138182193 0.427356419153512
-0.23113182419911 0.00336648686788976
-0.353683663299307 -0.21326300711371
-0.23637182940729 0.0901456603314728
-0.412302198819816 0.161537456326187
-0.393415685975924 0.00814671930857003
-0.464389492291957 0.136868711560965
-0.486210478469729 -0.0432445227634162
-0.361867661122233 -0.488319063326344
0.293781513115391 0.398057372309268
-0.0598492117132992 0.254747184226289
0.231386821949854 -0.0295085594989359
-0.340285271406174 -0.236853563692421
0.494499289430678 0.278762708650902
0.227079728385434 -0.145731632597744
0.105145899578929 -0.273231492843479
0.0166568644344807 0.267958541866392
0.350360012147576 -0.241939697414637
0.14193635713309 0.163061937550083
-0.0394412423484027 0.222638634266332
-0.430517697241157 0.385131177259609
0.458022071281448 -0.217988369055092
-0.444744530832395 -0.129170621745288
-0.0767958243377507 -0.0233420031145215
0.0600216705352068 -0.0602916346397251
0.221721775364131 -0.0358937606215477
0.151304933940992 0.10885496577248
-0.393086855532601 0.0995386356953532
0.0676372724119574 -0.130120554938912
0.465476969024166 -0.0427471969742328
-0.404456399846822 -0.118635037448257
-0.192426435183734 -0.348298496101052
-0.43376447330229 0.333649340085685
0.101269138744101 0.258890044875443
-0.221087063197047 0.171268992591649
-0.43324840022251 0.450929482467473
-0.0943928805645555 0.0780879934318364
0.0733197908848524 0.164560759440064
-0.353858388029039 0.199955786578357
-0.311355261597782 -0.319684421410784
0.197891942691058 0.477483975701034
0.162985504372045 -0.0821456504054368
0.496262585977092 0.343034741003066
0.0584751791320741 0.0560442914720625
0.283580294810236 0.108105352381244
-0.0447432326618582 0.175776394549757
-0.163575083948672 -0.278343602316454
0.11896425485611 0.42650004522875
-0.0631756950169802 -0.390001247404143
-0.308696133550256 -0.0816154058557004
0.437042486621067 0.43862652592361
0.469838402466848 -0.310433209873736
0.165900008985773 -0.2910116170533
-0.494315460789949 0.0234222579747438
-0.389594925567508 -0.127084530191496
0.0397371130529791 0.0513665268663317
-0.284387469990179 0.285576564725488
-0.190078407991678 0.0970700653269887
-0.307056779507548 -0.294403879903257
-0.342541550984606 0.444740743143484
0.099457940319553 -0.26698064384982
-0.489393243566155 0.139340634690598
0.172324369195849 0.380367878591642
-0.0229069623164833 -0.143119173590094
-0.22949908580631 0.0546991175506264
-0.391296094516292 -0.423262292519212
-0.282980778487399 -0.419894703431055
0.493714426876977 0.00675402139313519
-0.288253342732787 -0.330683856504038
0.480198382632807 -0.0331768153700978
-0.0379174386616796 0.186010512290522
-0.275291432393715 0.0412616604007781
0.3361293701455 -0.439455256331712
0.29181132465601 -0.0177738980855793
0.462784284260124 0.450618662405759
0.440834108740091 -0.362052917480469
0.0886197849176824 0.439738954883069
-0.277996279299259 0.393962496425956
0.00660443445667624 -0.405793608631939
0.00553634203970432 0.388092008884996
0.319916022475809 -0.463387395255268
0.480017586611211 -0.178950537228957
0.207107661059126 0.00319540943019092
0.152324259513989 0.128164779860526
-0.394736565183848 -0.167815235909075
0.348272891249508 -0.0433252721559256
-0.027114249067381 -0.220988387009129
-0.109297478571534 0.21066954662092
-0.410557019524276 -0.315865650074556
-0.0986664541997015 -0.130092213628814
0.243829084327444 -0.0131346471607685
0.180599862709641 0.31480400217697
0.158636639360338 0.491805952042341
-0.329459894448519 -0.0814316882751882
-0.136619127122685 -0.0349993503186852
0.0758066717535257 -0.137965636560693
0.36464887810871 -0.304659406188875
0.0778346448205411 0.445488958386704
0.278292476199567 0.42673913994804
0.259387640981004 0.0546680169645697
-0.109707184135914 0.192855914356187
-0.315165414242074 -0.369682969525456
-0.0917586165014654 0.100941881770268
0.344595588743687 0.0189315148163587
-0.482276601018384 -0.303826043847948
0.497439198195934 -0.47251306544058
0.355010889703408 -0.32846552808769
-0.182264671195298 -0.0472196191549301
-0.447184154530987 0.35843647713773
-0.44867493538186 -0.419866695068777
0.0714416834525764 -0.280574515927583
0.43672145716846 0.322388684144244
-0.0409268664661795 -0.0200883375946432
-0.371495485072955 0.0609231668058783
0.0642179660499096 0.358951614005491
0.11064772028476 -0.07091970811598
-0.178318925667554 0.0527575579471886
-0.282399943098426 0.28797742840834
-0.314051823457703 -0.272359460126609
0.0352072238456458 -0.398185674333945
0.436064771842211 -0.208340437384322
-0.240760418120772 -0.294520833762363
-0.282904280116782 0.430390203371644
0.389975480968133 0.443926516221836
-0.0528166128788143 -0.0978048341348767
-0.413352365605533 0.279507118742913
-0.0593566547613591 0.153272815048695
0.0249384655617177 -0.196624969365075
-0.240453656064346 0.209603671915829
0.435074903769419 -0.0200339434668422
-0.351318050641567 0.367107833037153
0.383410853100941 -0.0662446266505867
0.394475213019177 -0.400716572999954
-0.374927558004856 0.391673155594617
0.273562673013657 0.392648356501013
0.486857807030901 -0.251340297749266
0.155551509698853 0.439487347379327
-0.365343991899863 0.332474703434855
-0.34811747353524 0.377349513117224
0.145760266575962 0.107350578298792
-1.24077778309584e-05 0.0846973899751902
0.101579159731045 0.141774233430624
0.101761613739654 -0.43810040759854
0.4493076603394 -0.0781311236787587
-0.100255929399282 0.183465630980209
0.481735615991056 -0.463267998304218
0.479398116702214 -0.32197228865698
-0.0813056014012545 -0.229006128851324
0.000924183055758476 -0.410373947117478
-0.464525278890505 0.0951107402797788
-0.393292410997674 -0.0251162049826235
0.415879055159166 0.242275990080088
0.493024053052068 -0.109391968231648
-0.0921779777854681 -0.454278262797743
0.390727650141343 -0.114098262740299
-0.352435866603628 0.238086698343977
-0.192419292870909 0.252272648969665
0.294975796248764 0.389169870642945
0.23144978727214 -0.134997413028032
-0.409937934949994 -0.366287783486769
-0.283099046675488 0.477708980906755
-0.0533796411473304 -0.243770245695487
-0.425172253279015 -0.39699883479625
-0.463039193768054 -0.289458862040192
0.154312130529433 -0.00972134433686733
-0.308307000435889 -0.438809520564973
0.0513894925825298 -0.232985350303352
0.381073596188799 0.266818813513964
-0.169355344027281 0.338914537802339
0.431570594431832 0.0461310078389943
-0.497815816197544 -0.0738472165539861
0.446767196757719 0.450644384371117
0.0626851213164628 0.454519803635776
-0.434902471490204 0.346356199122965
0.197680827230215 -0.233331131981686
0.390231358120218 -0.0253666439093649
0.282987647224218 0.107847129460424
-0.264580247690901 0.166843843646348
0.162619733950123 -0.332838864997029
-0.181441383203492 -0.0941961873322725
-0.164767702808604 0.0921974745579064
0.0925313457846642 -0.314108923077583
-0.310683877673 -0.401847623521462
0.0517721711657941 0.0577302998863161
-0.2734636135865 0.437603933503851
-0.208709741476923 0.222283303039148
-0.33465150790289 -0.290869773598388
-0.37370462808758 -0.27627624431625
-0.250104018719867 -0.420272352406755
-0.186986462213099 0.385536867193878
-0.0136773844715208 -0.198586070444435
0.479125211713836 -0.136089394567534
-0.469774687662721 0.333734560990706
0.181365401018411 -0.233073584269732
0.249797592870891 0.196768861496821
0.182599746622145 -0.488130770856515
-0.193354622693732 -0.246258846018463
0.101112817181274 0.165139960357919
-0.172623921418563 -0.470726419007406
-0.34318910073489 -0.123554287711158
-0.449994874885306 -0.355780121870339
-0.220206738216802 0.0458147565368563
-0.457373406970873 -0.38096118811518
0.449696010211483 0.416060553397983
-0.365008155582473 0.111160163767636
0.454454459017143 0.455453809350729
-0.170404537813738 0.159754021791741
0.37879147217609 0.322754899039865
-0.0209846117068082 -0.449970400659367
-0.356120100710541 -0.295664368895814
-0.232408456038684 -0.337749885162339
-0.11125990585424 -0.0485888523980975
0.279233760433272 -0.0685675090644509
-0.0995622768532485 0.339383817045018
-0.438417868455872 0.437526099616662
0.471939606592059 -0.187627898063511
-0.427439626073465 0.48546523717232
-0.0804598473478109 -0.217896423768252
0.451746203470975 -0.212049825815484
-0.0319616785272956 0.066878659883514
0.0102385377977043 -0.465962293092161
-0.184900770429522 -0.018687627511099
-0.448905361816287 0.418125093681738
-0.273787347832695 -0.419495674548671
-0.187638559378684 -0.486503226682544
0.342705644201487 -0.13777240482159
-0.249269616091624 -0.450681225862354
-0.0281088696792722 0.257045659702271
-0.370303520699963 0.439261657651514
0.111300940159708 -0.0972369886003435
-0.487403009319678 -0.199599737999961
0.231646836269647 -0.187569269211963
0.0844505380373448 -0.108301068656147
0.0555917201563716 -0.448081628186628
0.331901848083362 -0.193479152396321
0.448140038410202 0.125106968684122
0.482755333883688 0.28930299077183
-0.131807512836531 -0.391552571207285
0.31828515813686 -0.419551515951753
-0.418964398326352 -0.156394253019243
0.248687501065433 -0.464525489136577
-0.403900132281706 -0.0534280496649444
0.432082263519987 -0.436431872891262
0.0976472741458565 -0.481919765239581
-0.372490822803229 0.333234953926876
-0.123959805816412 0.117679382441565
0.0268366097006947 -0.246751890517771
0.480845461599529 0.196483997395262
0.0586128546856344 0.0249218379613012
-0.188951404765248 0.198718404164538
-0.104775404091924 0.347829353762791
0.264932863181457 -0.337135831126943
0.256140094483271 0.203633356140926
-0.0112114364746958 -0.112333102151752
0.200983060989529 0.112660738173872
-0.203317421255633 0.341171242063865
-0.11900921841152 0.374031918356195
0.466601916356012 0.0311693495605141
-0.11071182298474 -0.235744403675199
0.200925489654765 0.103363542351872
0.268733700737357 0.470902332570404
0.262869299156591 -0.455908904783428
0.443523216992617 0.2478483451996
0.311745422426611 -0.256493694381788
0.0356250216718763 -0.148397196084261
0.37219113833271 0.137057058978826
-0.268746318062767 0.176320450846106
-0.0194349614903331 0.379147165454924
0.147577580530196 -0.427489956142381
0.264626607764512 0.334404168184847
0.345386436674744 0.37814719718881
-0.443151332903653 0.0818568170070648
-0.342440103646368 0.0299257249571383
0.342224838677794 0.390031639952213
-0.167051434749737 -0.137256085174158
0.254775246139616 0.39191081142053
0.403468851465732 0.45957950106822
-0.0882155180443078 0.0826987600885332
0.077285572187975 0.421952224802226
0.266650634119287 -0.340742229716852
-0.0823689878452569 -0.100186623632908
-0.360636176075786 0.0250310744158924
0.314763473346829 0.247190204216167
0.248893870739266 -0.339789255522192
0.339973560068756 -0.372116738231853
0.432289959862828 -0.0800678553059697
-0.0764723005704582 0.217950446298346
-0.238921833224595 0.125192421488464
-0.103500688215718 -0.347541593248025
0.278153060236946 -0.0403497414663434
-0.0518758776597679 -0.293027653126046
-0.497780381236225 0.449518807465211
-0.161209530895576 0.249662243993953
-0.287345736520365 0.198353379499167
0.072894352953881 -0.219586946535856
-0.27024975605309 -0.184521741000935
-0.472387490328401 0.471306217601523
-0.258282709401101 -0.307148150168359
0.0768383261747658 0.408918885979801
0.456039095530286 0.104789547156543
-0.441699118353426 -0.28531296690926
0.0405746444594115 -0.40849175886251
-0.302584449062124 0.200245413696393
-0.496732333209366 -0.218724712496623
0.277602004585788 -0.238398286048323
0.444033818552271 0.239703610073775
-0.119477628963068 0.491534279892221
-0.263022572267801 0.0389692583121359
0.428987001767382 0.159835819387808
-0.0410710126161575 -0.160363153554499
0.336714984849095 -0.414600814925507
0.307070159353316 0.428961305413395
0.025882990565151 0.199997540796176
0.461007379926741 0.458591362694278
-0.0192891168408096 0.193387085339054
-0.101128948153928 -0.0518070617690682
-0.296593872597441 -0.111657680710778
0.155570787377656 -0.136335332179442
0.14627877715975 -0.0233903366606683
0.351196573581547 0.313635905971751
-0.126120080472901 0.349157490069047
0.292907954193652 0.0101406502071768
0.33135184715502 -0.0728014213964343
0.100189697928727 -0.173315725754946
0.227477797539905 -0.337624898646027
-0.108829424716532 0.303086702013388
-0.344584262929857 -0.151295073563233
-0.116455069743097 -0.454014215851203
0.119630285771564 -0.17737616179511
-0.198979128617793 -0.381552510196343
-0.402118255617097 -0.461859484668821
-0.130237348377705 -0.143554674461484
0.143075867788866 -0.172777466243133
0.309405943378806 0.276954135391861
0.195480501744896 -0.116192570189014
0.308581983437762 -0.0889101063366979
0.219202365726233 0.014866896206513
0.426624033832923 -0.492749206023291
0.130091774277389 0.381588102085516
-0.137990909162909 0.00787960668094456
0.142338572535664 0.088146218797192
0.213032939005643 0.398181724594906
-0.27921219333075 -0.0872707741800696
-0.231382500380278 -0.202931066043675
0.233426636084914 0.334768147906289
0.132491576019675 0.399080858798698
0.428951012669131 0.185058364411816
0.0756780176889151 0.0889002943877131
-0.444253186695278 0.131309993797913
-0.441302569583058 -0.423340863548219
-0.372995944693685 -0.337228561518714
0.268324601463974 0.301056331722066
-0.214846203802153 0.382584539242089
-0.411418598378077 -0.384269298287109
-0.279095464386046 0.448197445832193
0.214917428558692 0.0666103791445494
0.200725714676082 0.19790740380995
-0.18648740183562 0.0156322743277997
0.00220293318852782 0.119533830322325
0.211965420516208 0.34521026071161
-0.302929705008864 0.474974502110854
0.0944498060271144 -0.213219233322889
0.259286936605349 0.177417436847463
-0.203830814687535 -0.139733678894117
0.397173383506015 0.310462378198281
0.432443542871624 0.329312713351101
-0.0942785022780299 0.414996528299525
0.104941678000614 0.00358420726843178
-0.174792231759056 -0.172034344635904
-0.110932530136779 0.370722026564181
-0.46272687590681 -0.107402251800522
0.255678864661604 0.141694762511179
0.182965812273324 0.343426815234125
0.0851575559936464 0.101284498116001
0.45331400888972 -0.239429190289229
-0.147203923901543 -0.00681328820064664
-0.442611415870488 0.0833861180581152
-0.354197132633999 0.317859705304727
0.195680927950889 -0.453388341004029
-0.152081136824563 0.243212814908475
-0.283892621984705 -0.0539682919625193
-0.0459891082718968 0.323475444223732
-0.293828591937199 -0.470159105490893
0.125796881038696 0.263833032455295
0.251430988544598 0.143990671494976
0.318756826687604 0.405770156765357
-0.386841732077301 0.267272174125537
0.170058015733957 -0.471358373062685
-0.387417456600815 -0.117287610657513
-0.30159797007218 0.428662048885599
-0.354180993512273 0.408028830075637
-0.393122614128515 -0.226072602672502
-0.394345358479768 0.327918992610648
0.0711345244199038 -0.0724827907979488
0.00767216528765857 0.423137001926079
-0.12115599331446 -0.0404933022800833
-0.167151092318818 0.499308661324903
0.332966959336773 0.0841949249152094
-0.473364755511284 0.0548233569134027
0.177696876693517 -0.0226676696911454
-0.398398902732879 0.177137224934995
-0.240202620858327 -0.28122110827826
-0.300117065897211 -0.491596243809909
0.145347694866359 0.499810090754181
-0.355979061685503 -0.200106823816895
-0.269273002399132 0.484294970054179
-0.0150087741203606 -0.200829981826246
-0.450635677203536 0.413640952669084
0.047064213315025 0.490007579093799
0.162938484223559 -0.0631466703489423
-0.0765217668376863 0.0662369087804109
0.343361310428008 -0.114233978325501
-0.145571830915287 0.270648894365877
0.422193660167977 0.4887090602424
0.438477779738605 -0.0574458786286414
-0.209915132028982 0.125475478125736
0.491985693573952 -0.0184257226064801
0.418664458906278 -0.233578253071755
-0.248503667768091 -0.0491408626548946
-0.395741396117955 -0.440614608582109
0.0721991488244385 -0.0302414335310459
0.0140705085359514 -0.367470561061054
0.107924503274262 0.060225055553019
0.0128508755005896 0.281286419602111
0.105932002654299 0.467861025361344
-0.0389463985338807 -0.207821277435869
-0.481913647381589 -0.25268964888528
0.329382491996512 0.414767502341419
0.370487946318462 -0.0721034382004291
-0.153508163290098 0.0653099801857024
-0.106563919689506 -0.491873988881707
0.00390701997093856 -0.178176226792857
-0.443337742937729 -0.393668731441721
0.422483917325735 -0.358805475290865
0.0244860230013728 0.474719795864075
0.315857134293765 0.122062837239355
-0.222500251373276 -0.4424049614463
-0.0104287045542151 -0.416143312351778
0.481961194891483 0.348784876521677
-0.45660067605786 0.235304733505473
-0.283195027150214 -0.478105874266475
-0.15424419962801 0.136012962320819
0.336619243957102 0.367275388445705
0.495955090271309 0.183101616799831
-0.234873954206705 0.490310333902016
0.464294356759638 -0.344242763472721
-0.368212037254125 0.313464793376625
0.153844062937424 0.0538722437340766
-0.165580844506621 -0.241770041640848
-0.374823483172804 0.304115005768836
-0.342391593148932 0.197849241318181
-0.304826295468956 0.0604026322253048
-0.476780226454139 0.361553638940677
-0.156196025200188 -0.187196241924539
0.242840453283861 -0.272042686352506
-0.437534327618778 0.116331316297874
0.342605701414868 0.350750744109973
-0.411247680429369 -0.238129324512556
0.378386879805475 0.288651816081256
0.276745474897325 0.362446163780987
0.260463290847838 0.220336151542142
0.440493375295773 -0.0417935706209391
0.385460325749591 -0.407002829015255
-0.107806424377486 -0.185112678213045
-0.20130990142934 -0.21742618875578
0.304596764734015 0.116794592933729
0.0255284081213176 -0.433084163116291
0.442819020943716 0.36646428797394
0.278411592589691 0.28970356611535
0.373307601548731 0.314101644791663
-0.443719468312338 -0.105989295756444
0.465081225847825 -0.375002864515409
-0.200300673488528 -0.35134334047325
-0.398189944215119 -0.0512584703974426
0.339586548972875 -0.198623955016956
0.218265075003728 -0.365418545203283
-0.376161577180028 -0.128444611094892
0.449651461094618 0.0887551582418382
0.385401532752439 0.330505996709689
0.0382430553436279 -0.295027691172436
0.34499091678299 -0.152988625690341
-0.320855750935152 -0.401680884184316
-0.127711879089475 0.247888616053388
0.375274737365544 -0.29707903182134
0.291427214164287 -0.380489373346791
-0.164851650828496 -0.0451804844196886
-0.388625903753564 0.468932389980182
0.270492085488513 0.0353458265308291
-0.307354260003194 0.0651042726822197
0.375426498241723 0.00965369702316821
-0.294966530287638 0.325368051417172
-0.2457292645704 -0.37830021395348
0.186819639988244 0.423819093732163
0.354958270443603 -0.0381227619946003
-0.337090559769422 0.416527452412993
-0.209641971159726 0.252939691534266
-0.152738503413275 0.0202290848828852
-0.484790480928496 0.0754247710574418
-0.37358159199357 0.310227286536247
-0.23699288116768 -0.412981220055372
-0.203273650724441 0.476318183122203
0.359645323129371 -0.255404369905591
-0.36161292088218 -0.223429091041908
-0.389366790885106 0.00551398657262325
-0.343192944768816 -0.0550246371421963
-0.0436154594644904 0.118733357172459
-0.245722714578733 -0.0450786217115819
0.460029772715643 0.113513592863455
-0.117925081634894 -0.476036476437002
-0.368814029032364 0.180916377576068
0.186983070336282 -0.395550739020109
-0.055236050626263 0.202247885987163
0.283377670217305 0.444777389522642
-0.476783346151933 0.00152509799227118
-0.42270204750821 -0.453854428138584
-0.425376048544422 0.439799126703292
-0.463384602218866 -0.0543823833577335
0.282514372607693 -0.377971764886752
-0.0568117916118354 -0.371254930505529
-0.0338494912721217 -0.0904773382935673
0.337678987998515 -0.101802850374952
0.119481925852597 -0.413745041470975
0.172695452813059 -0.193021415965632
-0.370722926221788 -0.433749681105837
-0.323284796904773 -0.0409085669089109
0.344119829591364 -0.33263447904028
0.441341041121632 0.0478229969739914
-0.342045625904575 -0.184259213740006
0.392029670765623 0.186346064088866
-0.108364140847698 -0.0437482735142112
-0.375268077012151 -0.10230733291246
0.293522319290787 -0.453335973666981
0.00798102864064276 0.336996705736965
0.339679207652807 0.0598382691387087
0.0765959904529154 0.100509910611436
-0.405645585618913 -0.261370272375643
-0.396690931171179 -0.442038740962744
0.192264953628182 -0.0539981110487133
-0.375379276461899 -0.404976112302393
0.19697974761948 -0.0192055644001812
-0.0341401288751513 0.178664374165237
-0.366989714559168 -0.275534620741382
0.199577419552952 0.109530631219968
-0.27969073667191 0.383442970691249
0.0651207054033875 -0.184062604326755
-0.4545863349922 -0.191313152667135
0.21690267813392 -0.489776053000242
0.278771387413144 -0.322760883020237
-0.43153899628669 -0.0554671289864928
-0.381632839795202 -0.260072257369757
0.425455088028684 0.247873199405149
-0.0692129302769899 0.183875852031633
-0.0487057487480342 -0.448431144235656
0.161655008327216 -0.479273706907406
0.0283536338247359 0.107720419997349
-0.399845054605976 -0.165214729262516
0.0510366167873144 0.139623544877395
-0.0405531055293977 0.044639089377597
0.0364986346103251 -0.262871825136244
0.419497665483505 -0.368073275312781
0.447627004701644 -0.297270298236981
0.170935942325741 0.369984006509185
0.229057613760233 0.0442869667895138
0.444487686734647 -0.0921651900280267
-0.15255376487039 -0.184031296288595
0.464309366652742 0.313430675305426
-0.478006629040465 -0.41184408008121
-0.237862850306556 0.266483470564708
0.459647511830553 -0.0937976334244013
-0.350223638582975 0.00662741716951132
0.490510261617601 -0.0448983863461763
0.160236042458564 -0.337714988505468
0.30973875685595 -0.322754695313051
-0.147035028552637 -0.191949158906937
0.321987245231867 -0.195683846483007
-0.233816291438416 -0.0692557427100837
0.0324813714250922 -0.334873794810846
0.135699492879212 -0.0931030039209872
0.0220315216574818 0.309002148453146
-0.152928774012253 0.0104988005477935
0.461866645142436 0.0236885044723749
0.392728126607835 -0.0692524497862905
0.277232363354415 0.31134541449137
-0.352439239155501 -0.0464582168497145
0.152421958511695 -0.470876002917066
0.280025229323655 -0.269537440733984
-0.0520205963402987 -0.260728090535849
0.35509755066596 -0.173309580888599
-0.292828921694309 0.418268870329484
-0.291208429494873 -0.417071084026247
-0.339564176741987 0.305832088226452
-0.246517525054514 0.232107038842514
0.359574209200218 -0.142180919181556
0.093543219845742 0.245714468182996
0.134052268462256 0.137674830621108
0.320485869888216 0.498185948235914
-0.410941586829722 0.0236829670611769
-0.24557942035608 -0.432550893863663
-0.312340535689145 0.204378978116438
-0.157922686543316 0.371099053649232
0.279335278552026 -0.239411484682932
-0.484314044238999 -0.0381797235459089
0.119284488493577 -0.354035828728229
0.456825983477756 0.302561961580068
0.460776649648324 -0.343016208615154
0.287130369106308 -0.121277736732736
-0.362969963811338 0.316320156212896
0.15833543217741 -0.256213819142431
0.0169072027783841 0.0672561668325216
-0.307444731704891 0.415431790519506
-0.251989047043025 0.464080407517031
0.47420030948706 -0.450847199652344
-0.106044377200305 0.38219679496251
-0.400001593166962 0.323893462074921
-0.172210421413183 -0.290817971341312
-0.447478866670281 -0.0229781579691917
0.273167168255895 -0.368919882457703
0.463869814062491 -0.376695866929367
-0.430459884693846 0.0335108719300479
0.149955139262602 -0.35350813367404
-0.489103499101475 -0.0678358550649136
-0.135874927975237 0.377850726014003
-0.395469518844038 0.238821276696399
0.41826324001886 -0.166511103743687
-0.173052098136395 -0.295647772261873
-0.0881563785951585 0.239626351278275
-0.342378442175686 -0.441492952872068
-0.00913364812731743 -0.188533589011058
-0.480444106971845 0.166328829945996
-0.30818503536284 -0.17084035766311
0.464263128582388 0.493892509257421
-0.0332815244328231 -0.225378967821598
0.136020349338651 -0.325588331790641
-0.321452298900113 0.22166361939162
0.372925319010392 -0.0947788623161614
0.37640437297523 0.011334209702909
0.495732879964635 0.303382398327813
-0.472251459723338 -0.368339800043032
0.415458787465468 0.337261002277955
0.39684820570983 0.143138914369047
-0.225969104794785 -0.0736804897896945
0.349436677293852 0.0713108067866415
-0.231395600130782 -0.491947212489322
0.351661579916254 0.165700973477215
0.112027442781255 0.256000463850796
-0.395003192359582 -0.135003344621509
-0.394821828929707 0.051211557816714
-0.11083658458665 0.209480795776471
-0.183588696876541 0.396468962309882
-0.0985896612983197 0.205357350874692
0.0675420435145497 -0.402660012012348
0.328592502512038 -0.141684227157384
0.179777198238298 -0.236470071366057
0.159574730787426 0.227765962015837
-0.206457828171551 -0.147817875724286
-0.155399471754208 0.081796049606055
-0.0901637016795576 0.480840883916244
-0.328579207183793 0.380650654900819
0.464441699907184 0.261281851911917
0.282941195182502 -0.45964282262139
-0.408734214957803 -0.194710285868496
0.222818391630426 0.455699107609689
-0.406844728626311 -0.139599086716771
0.48577650426887 -0.437823157059029
-0.085471976082772 0.44991787453182
-0.374235471012071 0.421545929508284
0.485874566715211 -0.0741165864747018
-0.429452565731481 0.174520486732945
-0.0762705879751593 0.178663719678298
-0.000131067121401429 -0.0593941502738744
0.107025835197419 0.430904528358951
-0.122718631289899 0.32345340307802
-0.147739471867681 -0.189144185278565
0.440179854398593 0.401587310247123
0.370405754307285 0.432280896697193
-0.100546748144552 0.21904770610854
-0.0820942830760032 0.44129235832952
-0.0863513178192079 0.0311378233600408
0.109485359396785 0.417548664612696
0.280984041979536 -0.212566211586818
-0.227053156355396 0.338021634379402
0.191065067891032 -0.453110555419698
0.0394955764058977 0.252532272832468
0.117441026726738 -0.168008800828829
-0.025565035874024 0.168812911724672
-0.352168888552114 0.255511259660125
-0.126460539642721 -0.18062174716033
0.0225834529846907 0.21423608972691
0.331878024386242 0.280090107116848
-0.21501836576499 0.330374079057947
0.00927566667087376 0.1660362619441
0.218147508101538 0.21093227667734
-0.436182499164715 -0.25610759947449
-0.486376430373639 -0.492633239366114
0.369676518486813 0.00885195261798799
-0.0546490710694343 -0.300666170893237
0.399622424505651 -0.000246398616582155
0.130291719688103 -0.010697505204007
-0.310398646397516 0.483754327520728
0.222322418587282 -0.298106510657817
0.325922457734123 0.0471488400362432
-0.471566066844389 0.486952309729531
-0.245259871240705 -0.359994554426521
-0.118867302546278 -0.168479942716658
0.212459006346762 0.266682449961081
0.376405217917636 0.426275106612593
-0.396849798271433 0.389017404988408
-0.228995186509565 0.167522259289399
-0.33820760063827 -0.21056414488703
-0.37399507057853 -0.381858668988571
0.123550980584696 0.304183029104024
0.433279858902097 -0.318993261549622
-0.202615838265046 0.117885016836226
0.285978450905532 0.196344682946801
-0.113975946558639 0.109479730715975
-0.0722393072210252 0.157688595820218
0.162377535132691 -0.129992691567168
-0.393198484787717 0.040941942948848
0.431397140957415 0.323605428216979
-0.099853944266215 0.360244512790814
0.135011413833126 -0.347143351566046
0.433551629306749 0.258765689563006
0.121257465565577 0.350844933651388
0.0400517764501274 0.137701280415058
-0.0786512242630124 0.1117285375949
0.0793016259558499 -0.280671821208671
-0.435988803394139 -0.0963915702886879
-0.00736425607465208 0.0487383033614606
-0.0726464814506471 -0.146909432252869
0.328301913570613 -0.460849963361397
0.0849035959690809 0.382718242937699
-0.287756569916382 -0.476641751360148
-0.13660158123821 0.0379600320011377
0.434199882904068 -0.16877274075523
0.261435179738328 0.268581774318591
0.487878848565742 -0.176518091699108
-0.174370722845197 -0.467771453084424
-0.0820408905856311 0.263869957998395
0.198366553755477 -0.112167865503579
-0.218501617899165 0.452507783658803
-0.309706156374887 0.0466270558536053
0.0287844205740839 0.463175351265818
0.124034770065919 -0.201275977073237
0.192992399446666 -0.344075272791088
-0.387146953027695 -0.49837187374942
0.179902718635276 0.0156596514862031
-0.0108970336150378 -0.0116320920642465
-0.154838339425623 -0.491377864498645
-0.395238383905962 0.499069597804919
0.157199349720031 0.417063171276823
0.391875457018614 0.285208125598729
0.101002951385453 -0.05609414819628
0.271015605889261 0.159180294955149
0.459008600795642 0.156958821928129
-0.366486615734175 -0.0823040765244514
0.221050291787833 0.276693112682551
-0.062747287331149 0.156362736131996
-0.291918616974726 0.294600982684642
-0.268834647256881 0.433256837772205
-0.337616903940216 -0.0798909105360508
0.439220182597637 0.267148733604699
-0.215453472919762 -0.309343930333853
-0.080306206131354 0.348193508805707
0.00723395636305213 -0.355657020583749
0.424796834588051 -0.0723080087918788
-0.373284375295043 -0.110239446628839
-0.226409635739401 0.408200270729139
-0.228302832692862 -0.0195842513348907
0.412119251675904 0.346355834975839
0.477052643895149 -0.230231235967949
0.12773398635909 -0.265306728892028
0.263171481667086 -0.484504065010697
-0.192264502169564 0.279832330998033
-0.200842168182135 -0.176269502844661
0.0837686718441546 0.213499846635386
0.36171293258667 0.498671587556601
0.27525415760465 -0.0886178105138242
0.468880818691105 -0.303689729887992
-0.0220886359456927 0.000308680813759565
0.101208677049726 -0.414504295680672
0.460315121570602 0.194825507001951
-0.171666342532262 0.47012308286503
-0.336264355108142 0.114488432649523
0.470104211941361 -0.245758243603632
0.474369372939691 -0.208722271490842
0.176870806142688 -0.489217302529141
-0.210520329885185 0.493993871379644
0.45769885648042 0.154986271867529
-0.443957427283749 -0.323261576704681
0.400160626973957 0.184148871805519
-0.219621786847711 0.132381048984826
0.00202632881700993 -0.360786839388311
-0.333760183071718 0.366497270297259
0.360473089385778 -0.0340979637112468
0.369685013080016 -0.367386925965548
-0.248030754504725 -0.358441929100081
-0.283719456288964 0.43414371041581
0.209091841010377 -0.144627266563475
0.173590807011351 0.166805069195107
-0.2960376648698 0.311340274522081
-0.410243005491793 -0.442644336959347
-0.183739844476804 0.433226152090356
-0.298397447913885 0.111964546144009
0.104233618127182 -0.136263109976426
0.135917910840362 0.135981256375089
-0.399096206296235 0.241329689975828
0.172677132533863 0.248280666768551
-0.146872900426388 -0.331030283588916
-0.226065433118492 -0.298102458706126
0.182264271890745 0.126904203323647
0.167828983161598 0.331768050789833
0.253551495727152 -0.269547847565264
0.184413937618956 0.00648893765173852
-0.266143803950399 -0.244508733507246
-0.220854913350195 -0.000885671703144908
-0.192502589663491 0.396423515165225
0.249818824930117 -0.328967155888677
-0.38086877646856 0.459959681844339
-0.15864041633904 -0.106434738030657
0.418137140804902 -0.405739402398467
0.274730435339734 0.257684771902859
-0.489642603555694 0.039023537421599
-0.151516971411183 -0.200836940435693
-0.285790665308014 -0.397958692163229
-0.139357963111252 -0.236999392043799
-0.479433307889849 -0.196632395265624
0.0544832975137979 0.434291692916304
-0.00764880538918078 0.0827942870091647
0.387908724136651 -0.239270773949102
-0.373401270015165 0.421427415916696
-0.465581190073863 0.406809342559427
0.104600990191102 0.487188902450725
-0.479579085716978 -0.0154515202157199
-0.128356871893629 -0.132854405092075
0.0549857416190207 0.103061255766079
-0.0460836023557931 0.177261971868575
0.0478278263472021 -0.0435093727428466
0.17446571867913 -0.455801985459402
0.0554899328853935 -0.235629809321836
-0.440693143056706 -0.393017554655671
0.235499795293435 0.219364923425019
-0.494954147143289 -0.326985644176602
0.291975702391937 0.393737671896815
0.271026995498687 0.0824179337359965
-0.454351723892614 -0.145229372195899
-0.278015464311466 -0.219951016362756
0.213636564323679 0.1177340853028
-0.00922446115873754 -0.177569181658328
0.413501096423715 -0.357622290262952
0.0638155455235392 0.373422565637156
0.480848302133381 -0.255031110020354
-0.368188702734187 0.250309614930302
0.0641390883829445 0.0933108364697546
0.259044779231772 -0.402304636780173
0.305200553033501 -0.372058701701462
-0.295568175148219 0.273508106125519
0.181411499623209 -0.368402665248141
-0.00203747977502644 -0.0189972261432558
-0.2487269686535 0.29974454944022
-0.217255840310827 -0.34815787919797
-0.432067014975473 -0.307604023721069
0.287892511347309 -0.437342169461772
0.470953656593338 0.00965111120603979
-0.0419072539079934 0.3463834321592
0.453434528317302 -0.381773076485842
-0.167663608910516 -0.0346329710446298
-0.479628439527005 0.362651986069977
-0.315571929328144 0.442526807775721
-0.277815211331472 0.104201230220497
-0.0554979692678899 -0.149044296937063
0.499268101761118 -0.399141977773979
0.169742185156792 0.134205110836774
-0.438924830872566 -0.286778102861717
-0.170162464957684 0.211299353279173
-0.0323322422336787 -0.39357844251208
0.349548902828246 -0.0984664305578917
-0.0836684457026422 0.0292020482011139
-0.0245437656994909 0.198761780979112
0.322012550197542 -0.258118082070723
-0.231421920936555 0.260139610152692
-0.124716073740274 0.0597990576643497
-0.473650495288894 -0.412964574759826
-0.136697384528816 0.12159119383432
0.0875993999652565 0.456421651877463
-0.459288051119074 -0.172882500570267
0.399949731538072 0.231764139374718
-0.476318983361125 -0.319501281017438
0.0478574319276959 0.277922938345
-0.281409660354257 0.220414904644713
-0.41480131377466 0.0452750485856086
-0.349891051650047 -0.168999339221045
-0.13978518708609 -0.227981064468622
-0.172791792079806 -0.479793657315895
0.380769782001153 -0.290117671480402
-0.346482909051701 -0.428620216902345
0.196264546597376 -0.356262736720964
0.36532315146178 0.144994080998003
0.405490695498884 0.265970875741914
-0.307652301620692 0.219518068013713
-0.235946031985804 0.256789915030822
-0.194466269575059 0.362377364188433
-0.11812888388522 0.0187750412151217
-0.140637785661966 0.2720154565759
-0.262950410600752 -0.472037302330136
-0.165501156356186 -0.242679929826409
-0.287167001981288 -0.0760567537508905
0.417636505560949 0.375495010754094
-0.369146405952051 -0.498195255873725
0.281056952662766 -0.397242495091632
0.330284187570214 0.29676996357739
-0.351935984566808 0.492644554236904
-0.333486045245081 0.0382747629191726
0.214265997987241 -0.0843517947942019
0.268968829419464 -0.0533874188549817
-0.0240357264410704 0.0931543905753642
0.301818148931488 -0.0252994035836309
-0.378228388959542 -0.470361238811165
-0.313878262415528 -0.100149401929229
-0.126194290583953 0.360126139363274
0.302820171229541 0.208077754825354
0.462337327888235 0.174587641144171
0.187022354686633 0.340461873682216
0.451852258993313 -0.286312197335064
-0.127430032007396 0.108953080838546
-0.108660399448127 0.0718783165793866
-0.256747090024874 0.381772260181606
-0.0689697028137743 -0.435093938838691
-0.490164025686681 0.212126654805616
-0.354417747585103 -0.220525272190571
-0.0520262941718102 0.275839052861556
-0.283666133647785 0.422603862825781
0.278818388702348 0.447222233517095
0.328135249204934 0.0795729225501418
-0.314821899170056 -0.0391167306806892
-0.393327720230445 0.25702063087374
0.318031258648261 0.267631466733292
0.327625272562727 -0.314176916377619
0.405196395469829 -0.121781234862283
0.054631958482787 0.146215416723862
-0.267193661769852 0.354696617461741
0.30804134439677 -0.328502597985789
0.165568617172539 0.399227347457781
0.297983506228775 -0.0821206027176231
0.244531712029129 0.32486036978662
0.300089784432203 -0.414643224328756
-0.429952653124928 0.109922503819689
0.426452185958624 -0.0292965448461473
0.235687107546255 -0.11057779029943
-0.0556002389639616 -0.353748249122873
-0.105120080523193 -0.114285176387057
-0.314775925129652 -0.0414697718806565
-0.00139430444687605 0.269880344858393
0.175482576014474 -0.459541833028197
0.392029529204592 0.290641244035214
-0.217878854600713 0.409701785305515
-0.237516443012282 0.215207652188838
-0.268894727109 -0.202739484608173
0.229010610375553 -0.149438430787995
-0.122554006520659 0.216899926541373
0.419772633118555 0.483351663453504
-0.025039869826287 -0.239442366641015
-0.0428954032249749 0.34844883903861
0.409160333452746 0.178970199078321
-0.0349548535887152 -0.315061894245446
0.321260108379647 -0.161892812000588
-0.226544636767358 0.293795105535537
0.39185250014998 0.287488508969545
-0.154792717425153 0.0990560876671225
-0.13777863397263 0.214009542483836
-0.0636683476623148 0.399697305401787
0.489639904582873 0.39516504202038
0.437289570458233 0.0928549256641418
-0.412040132563561 0.340446729911491
0.310510213021189 0.444224519655108
-0.300555462017655 -0.140764014795423
-0.115502560278401 0.291565292747691
-0.434107456123456 0.321665571769699
0.0831315612886101 -0.262996416771784
0.152806433616206 0.200582407182083
0.0993534561712295 0.266561074648052
-0.0366760052274913 0.360903045162559
-0.110651443945244 0.0774308342952281
-0.0733279997948557 0.343917484395206
-0.369730315636843 -0.211577743059024
-0.4702315882314 -0.0566593657713383
0.0122981946915388 0.180297541897744
-0.486340942792594 -0.274572193389758
0.124467785470188 -0.0675613356288522
-0.0688342377543449 -0.385212140157819
0.49011701461859 0.192620358197019
0.490566400578246 0.0289849566761404
0.274280352052301 -0.362700978294015
-0.0467767450027168 -0.132664631353691
0.161087706452236 -0.0560808521695435
0.302010062150657 0.152885699411854
0.348810219671577 -0.229594285134226
-0.0574820970650762 0.19513274054043
0.457775325281546 -0.016841120319441
0.270968242781237 -0.245820708340034
-0.071913972729817 -0.446900700218976
-0.213369736680761 -0.348090460989624
0.497111218981445 0.0546258273534477
-0.439562503481284 0.227637481875718
0.403338761534542 -0.23063738248311
0.25186448963359 -0.087499703746289
-0.399155927356333 0.173981146188453
0.348396291490644 0.379195511573926
-0.392349950037897 0.196334148524329
0.28058339189738 0.103905098047107
0.154645508620888 -0.275568373734131
-0.13551162998192 0.456788282608613
-0.265910625224933 -0.299995199078694
-0.116501172771677 -0.243008375866339
-0.0955485091544688 0.31946722464636
-0.498992260079831 -0.0896334196440876
-0.481416374212131 0.37045448157005
-0.047261131927371 -0.386596306692809
-0.443831112468615 -0.272254637209699
-0.285285204881802 -0.112418007105589
-0.0772065313067287 0.390449929051101
-0.339296782156453 0.23208697559312
0.343114522751421 0.412836998701096
-0.224040557863191 -0.155675973277539
0.108368119457737 0.28283153520897
-0.087817222578451 0.189340824494138
-0.286375239724293 -0.475179627072066
0.0399450578261167 0.321121078450233
-0.0257341300603002 0.366673413896933
-0.356415882473812 -0.409941353369504
-0.372384868795052 -0.240709840785712
0.464254608610645 0.141744431341067
-0.380587276769802 -0.277018901426345
0.125030615832657 0.203391838585958
-0.0872532848734409 0.175552597036585
-0.285593518288806 0.388063020771369
0.335238424129784 0.291741099674255
0.317416467471048 -0.17189212073572
-0.473236728692427 0.00130474683828652
0.33983616810292 -0.462949220091105
0.247863171622157 -0.397185352165252
0.155485973926261 0.0692023951560259
-0.237963821273297 -0.185644582146779
0.262388649629429 -0.0542483604513109
0.138577406294644 -0.13546894909814
-0.442811447428539 0.495391697390005
0.263764168834314 0.279460531659424
-0.352696695597842 0.18833547225222
0.0526981635484844 -0.0223780132364482
0.0528531465679407 0.176068782573566
0.256992040900514 0.176282487576827
0.139199883211404 -0.493681011721492
0.27834025840275 0.46538224327378
-0.412278610048816 -0.302289896411821
-0.431092887418345 0.269783491967246
-0.380990411154926 -0.382701854920015
0.0782187134027481 0.241298075532541
0.138469788711518 0.170688099227846
-0.259778155945241 0.0391564390156418
-0.247170209186152 0.425966187147424
0.307718343101442 0.253025432350114
-0.463111203163862 0.115654417546466
-0.496412250911817 0.142095299437642
-0.394751024898142 0.0596193224191666
-0.323016834212467 0.493061938555911
-0.331708912737668 0.27748577366583
0.407622511265799 -0.0728527018800378
