[1] "Beta for PX-GS"
       [,1]    [,2]   [,3]   [,4]   [,5]
[1,] 0.7637 -0.0338 0.0804 0.2257 0.0039
[2,] 0.0594  0.0260 0.0270 0.0277 0.0011
[1] "Beta for PX-GSM"
       [,1]    [,2]   [,3]   [,4]   [,5]
[1,] 0.8463 -0.0378 0.0873 0.2568 0.0057
[2,] 0.0811  0.0305 0.0309 0.0345 0.0014
[1] "Beta for PX-MH"
      [,1]    [,2]   [,3]   [,4]   [,5]
[1,] 0.890 -0.0394 0.0885 0.2611 0.0052
[2,] 0.062  0.0298 0.0307 0.0311 0.0012
[1] "Beta CI for PX-GS"
       [,1]  [,2]
[1,]  0.646 0.879
[2,] -0.084 0.018
[3,]  0.028 0.134
[4,]  0.172 0.280
[5,]  0.002 0.006
[1] "Beta CI for PX-GSM"
       [,1]  [,2]
[1,]  0.685 1.002
[2,] -0.098 0.022
[3,]  0.028 0.148
[4,]  0.191 0.326
[5,]  0.003 0.009
[1] "Beta CI for PX-MH"
       [,1]  [,2]
[1,]  0.767 1.010
[2,] -0.098 0.018
[3,]  0.028 0.149
[4,]  0.200 0.322
[5,]  0.003 0.008
